annot	freq_in_pop	freq_in_int	total_ano_in_pop	total_ano_in_int	pval	pval_adj
zf-AD	343	221	17435	3712	7.18691278881562e-68	1.15924903283596e-64
zf-C2H2	485	257	17435	3712	1.313470870375e-54	1.05931425695744e-51
zf-C2H2_6	128	71	17435	3712	2.42781307158649e-17	1.30535416148967e-14
Helicase_C	83	49	17435	3712	7.99866036755663e-14	2.58036783457377e-11
zf-met	83	49	17435	3712	7.99866036755663e-14	2.58036783457377e-11
zf-C2H2_4	57	36	17435	3712	9.77433259580202e-12	2.62766641283811e-09
DEAD	58	36	17435	3712	2.04895024788961e-11	4.7213667854942e-09
Pkinase	169	65	17435	3712	2.47125133944469e-07	4.98266051315535e-05
WD40	140	54	17435	3712	2.24261249180197e-06	0.000401925994364065
TUDOR	16	12	17435	3712	6.51763485142448e-06	0.00105129450153477
THAP	82	35	17435	3712	1.02545287911751e-05	0.00150368681274231
zf-B_box	19	13	17435	3712	1.32590768679783e-05	0.00178224091567074
IBN_N	13	10	17435	3712	2.85158296575987e-05	0.00353815640290052
Cyclin_N	16	11	17435	3712	5.98139187189133e-05	0.00689141792097194
SET	31	16	17435	3712	0.000189229797945528	0.0203485109390758
AAA_12	13	9	17435	3712	0.000273775984924048	0.0276000414801556
HEAT	5	5	17435	3712	0.00043652462373123	0.0370586430567618
RecQ_Zn_bind	5	5	17435	3712	0.00043652462373123	0.0370586430567618
zf-U11-48K	5	5	17435	3712	0.00043652462373123	0.0370586430567618
Cyclin_C	9	7	17435	3712	0.000471255917435656	0.0380067897411857
RNase_PH	7	6	17435	3712	0.000531432840753396	0.0399364804044126
SNF2_N	19	11	17435	3712	0.000544700910661548	0.0399364804044126
AAA_11	12	8	17435	3712	0.000902670249563191	0.0633046570671925
zf-MYND	23	12	17435	3712	0.00107087853415478	0.0719719614829857
BHD_1	4	4	17435	3712	0.00205206599683362	0.0973524250850775
BHD_3	4	4	17435	3712	0.00205206599683362	0.0973524250850775
DNA_pol_B	4	4	17435	3712	0.00205206599683362	0.0973524250850775
DNA_pol_B_exo1	4	4	17435	3712	0.00205206599683362	0.0973524250850775
DUF4217	4	4	17435	3712	0.00205206599683362	0.0973524250850775
Dus	4	4	17435	3712	0.00205206599683362	0.0973524250850775
HRDC	4	4	17435	3712	0.00205206599683362	0.0973524250850775
Methyltr_RsmB-F	4	4	17435	3712	0.00205206599683362	0.0973524250850775
PBD	4	4	17435	3712	0.00205206599683362	0.0973524250850775
Sld5	4	4	17435	3712	0.00205206599683362	0.0973524250850775
SAM_1	22	11	17435	3712	0.00268747347092858	0.123854134531651
BESS	11	7	17435	3712	0.00287428064503017	0.128783741123157
RRM_1	129	41	17435	3712	0.00345831990048402	0.15076405404002
F-box	14	8	17435	3712	0.00362555403728622	0.153895227951123
FLYWCH	20	10	17435	3712	0.00419018756622494	0.17330186011079
Beta_helix	3	3	17435	3712	0.00964454420512367	0.232506662280845
BRCT	5	4	17435	3712	0.0085142314892432	0.232506662280845
BRCT_2	5	4	17435	3712	0.0085142314892432	0.232506662280845
Brix	7	5	17435	3712	0.00621373943405099	0.232506662280845
DALR_1	3	3	17435	3712	0.00964454420512367	0.232506662280845
E2F_TDP	3	3	17435	3712	0.00964454420512367	0.232506662280845
ERCC4	3	3	17435	3712	0.00964454420512367	0.232506662280845
F-box-like	56	20	17435	3712	0.00919194158006572	0.232506662280845
HEAT_EZ	3	3	17435	3712	0.00964454420512367	0.232506662280845
Helicase_C_2	3	3	17435	3712	0.00964454420512367	0.232506662280845
IMS	3	3	17435	3712	0.00964454420512367	0.232506662280845
IMS_C	3	3	17435	3712	0.00964454420512367	0.232506662280845
KH_1	22	10	17435	3712	0.00965774728630913	0.232506662280845
MBT	3	3	17435	3712	0.00964454420512367	0.232506662280845
MutS_II	3	3	17435	3712	0.00964454420512367	0.232506662280845
MutS_III	3	3	17435	3712	0.00964454420512367	0.232506662280845
MutS_IV	3	3	17435	3712	0.00964454420512367	0.232506662280845
MutS_V	3	3	17435	3712	0.00964454420512367	0.232506662280845
PAP_assoc	5	4	17435	3712	0.0085142314892432	0.232506662280845
Phosphodiest	5	4	17435	3712	0.0085142314892432	0.232506662280845
PTCB-BRCT	5	4	17435	3712	0.0085142314892432	0.232506662280845
Rad4	5	4	17435	3712	0.0085142314892432	0.232506662280845
Rad51	5	4	17435	3712	0.0085142314892432	0.232506662280845
Rep_fac_C	5	4	17435	3712	0.0085142314892432	0.232506662280845
Toprim	3	3	17435	3712	0.00964454420512367	0.232506662280845
Utp12	3	3	17435	3712	0.00964454420512367	0.232506662280845
WHEP-TRS	3	3	17435	3712	0.00964454420512367	0.232506662280845
zf-C3HC4	5	4	17435	3712	0.0085142314892432	0.232506662280845
Bromodomain	19	9	17435	3712	0.0101374801034065	0.240466991276392
Ribosomal_L7Ae	8	5	17435	3712	0.0136698377400946	0.314992118211036
zf-CCHC	8	5	17435	3712	0.0136698377400946	0.314992118211036
PWWP	14	7	17435	3712	0.0163366626533773	0.37114136422391
2OG-FeII_Oxy_2	3	2	17435	3712	0.116667789590767	0.38370490232676
40S_SA_C	1	1	17435	3712	0.212905075996559	0.38370490232676
53-BP1_Tudor	1	1	17435	3712	0.212905075996559	0.38370490232676
A_deamin	1	1	17435	3712	0.212905075996559	0.38370490232676
AAA	39	13	17435	3712	0.0553409314070432	0.38370490232676
AAA_16	4	2	17435	3712	0.20091360035154	0.38370490232676
AAA_23	4	2	17435	3712	0.20091360035154	0.38370490232676
AAA_30	1	1	17435	3712	0.212905075996559	0.38370490232676
AAA_33	3	2	17435	3712	0.116667789590767	0.38370490232676
AAA_assoc_2	1	1	17435	3712	0.212905075996559	0.38370490232676
AARP2CN	2	2	17435	3712	0.0453189593336714	0.38370490232676
AATF-Che1	1	1	17435	3712	0.212905075996559	0.38370490232676
Acetyltransf_13	2	2	17435	3712	0.0453189593336714	0.38370490232676
ACPS	1	1	17435	3712	0.212905075996559	0.38370490232676
AF-4	1	1	17435	3712	0.212905075996559	0.38370490232676
AIF_C	1	1	17435	3712	0.212905075996559	0.38370490232676
AKAP2_C	1	1	17435	3712	0.212905075996559	0.38370490232676
Ala_racemase_N	1	1	17435	3712	0.212905075996559	0.38370490232676
ALG3	1	1	17435	3712	0.212905075996559	0.38370490232676
ALMS_motif	1	1	17435	3712	0.212905075996559	0.38370490232676
An_peroxidase	15	6	17435	3712	0.0791048207549591	0.38370490232676
ANAPC4	1	1	17435	3712	0.212905075996559	0.38370490232676
ANAPC4_WD40	11	4	17435	3712	0.190772905545237	0.38370490232676
ANAPC5	1	1	17435	3712	0.212905075996559	0.38370490232676
ANAPC8	1	1	17435	3712	0.212905075996559	0.38370490232676
Anillin	2	2	17435	3712	0.0453189593336714	0.38370490232676
Aquarius_N	1	1	17435	3712	0.212905075996559	0.38370490232676
Arg_tRNA_synt_N	1	1	17435	3712	0.212905075996559	0.38370490232676
Arginase	1	1	17435	3712	0.212905075996559	0.38370490232676
Arginosuc_synth	1	1	17435	3712	0.212905075996559	0.38370490232676
ARID	7	3	17435	3712	0.170891551312786	0.38370490232676
AROS	1	1	17435	3712	0.212905075996559	0.38370490232676
Arv1	1	1	17435	3712	0.212905075996559	0.38370490232676
ASH	1	1	17435	3712	0.212905075996559	0.38370490232676
ATP_bind_1	3	2	17435	3712	0.116667789590767	0.38370490232676
ATP_Ca_trans_C	1	1	17435	3712	0.212905075996559	0.38370490232676
ATP-cone	2	2	17435	3712	0.0453189593336714	0.38370490232676
Atrophin-1	1	1	17435	3712	0.212905075996559	0.38370490232676
Auts2	1	1	17435	3712	0.212905075996559	0.38370490232676
AXH	1	1	17435	3712	0.212905075996559	0.38370490232676
Axin_b-cat_bind	1	1	17435	3712	0.212905075996559	0.38370490232676
B3_4	2	2	17435	3712	0.0453189593336714	0.38370490232676
B5	1	1	17435	3712	0.212905075996559	0.38370490232676
BAF250_C	1	1	17435	3712	0.212905075996559	0.38370490232676
BAR_3	3	2	17435	3712	0.116667789590767	0.38370490232676
BCAS2	1	1	17435	3712	0.212905075996559	0.38370490232676
BCNT	1	1	17435	3712	0.212905075996559	0.38370490232676
BEN	12	5	17435	3712	0.0908808876135707	0.38370490232676
BET	1	1	17435	3712	0.212905075996559	0.38370490232676
Beta-Casp	4	3	17435	3712	0.0324219788299938	0.38370490232676
Beta-TrCP_D	1	1	17435	3712	0.212905075996559	0.38370490232676
BHD_2	1	1	17435	3712	0.212905075996559	0.38370490232676
Bin3	2	2	17435	3712	0.0453189593336714	0.38370490232676
BING4CT	1	1	17435	3712	0.212905075996559	0.38370490232676
Biopterin_H	4	2	17435	3712	0.20091360035154	0.38370490232676
BNIP2	1	1	17435	3712	0.212905075996559	0.38370490232676
BOP1NT	1	1	17435	3712	0.212905075996559	0.38370490232676
BORA_N	1	1	17435	3712	0.212905075996559	0.38370490232676
Borealin	2	2	17435	3712	0.0453189593336714	0.38370490232676
BP28CT	1	1	17435	3712	0.212905075996559	0.38370490232676
BRCA-2_helical	1	1	17435	3712	0.212905075996559	0.38370490232676
BRCA-2_OB1	1	1	17435	3712	0.212905075996559	0.38370490232676
BRCA-2_OB3	1	1	17435	3712	0.212905075996559	0.38370490232676
BRCA2	1	1	17435	3712	0.212905075996559	0.38370490232676
BRD4_CDT	1	1	17435	3712	0.212905075996559	0.38370490232676
BTB	65	18	17435	3712	0.13420853481523	0.38370490232676
Bystin	1	1	17435	3712	0.212905075996559	0.38370490232676
C1_4	1	1	17435	3712	0.212905075996559	0.38370490232676
C5-epim_C	1	1	17435	3712	0.212905075996559	0.38370490232676
CAF1A	1	1	17435	3712	0.212905075996559	0.38370490232676
CAF1C_H4-bd	2	2	17435	3712	0.0453189593336714	0.38370490232676
CALM_bind	1	1	17435	3712	0.212905075996559	0.38370490232676
CaMKII_AD	1	1	17435	3712	0.212905075996559	0.38370490232676
Cas1_AcylT	1	1	17435	3712	0.212905075996559	0.38370490232676
Cation_ATPase_C	4	2	17435	3712	0.20091360035154	0.38370490232676
Cation_ATPase_N	4	2	17435	3712	0.20091360035154	0.38370490232676
CBF	3	2	17435	3712	0.116667789590767	0.38370490232676
CBFD_NFYB_HMF	7	3	17435	3712	0.170891551312786	0.38370490232676
CDC45	1	1	17435	3712	0.212905075996559	0.38370490232676
Cdc6_C	2	2	17435	3712	0.0453189593336714	0.38370490232676
CDV3	1	1	17435	3712	0.212905075996559	0.38370490232676
CHDCT2	1	1	17435	3712	0.212905075996559	0.38370490232676
CHDNT	1	1	17435	3712	0.212905075996559	0.38370490232676
Chromo	11	5	17435	3712	0.063875958881388	0.38370490232676
Chromo_shadow	4	2	17435	3712	0.20091360035154	0.38370490232676
Cid2	1	1	17435	3712	0.212905075996559	0.38370490232676
CIDE-N	4	2	17435	3712	0.20091360035154	0.38370490232676
CK1gamma_C	1	1	17435	3712	0.212905075996559	0.38370490232676
Cmyb_C	1	1	17435	3712	0.212905075996559	0.38370490232676
Cnd1	2	2	17435	3712	0.0453189593336714	0.38370490232676
Cnd1_N	1	1	17435	3712	0.212905075996559	0.38370490232676
Cnd2	1	1	17435	3712	0.212905075996559	0.38370490232676
Cnd3	1	1	17435	3712	0.212905075996559	0.38370490232676
Codanin-1_C	1	1	17435	3712	0.212905075996559	0.38370490232676
Cohesin_HEAT	1	1	17435	3712	0.212905075996559	0.38370490232676
Coilin_N	1	1	17435	3712	0.212905075996559	0.38370490232676
COMPASS-Shg1	1	1	17435	3712	0.212905075996559	0.38370490232676
COPIIcoated_ERV	1	1	17435	3712	0.212905075996559	0.38370490232676
CortBP2	1	1	17435	3712	0.212905075996559	0.38370490232676
CPL	1	1	17435	3712	0.212905075996559	0.38370490232676
CPSase_L_D2	4	2	17435	3712	0.20091360035154	0.38370490232676
CPSase_L_D3	1	1	17435	3712	0.212905075996559	0.38370490232676
CPSase_sm_chain	1	1	17435	3712	0.212905075996559	0.38370490232676
CPSF_A	3	2	17435	3712	0.116667789590767	0.38370490232676
CPSF100_C	1	1	17435	3712	0.212905075996559	0.38370490232676
CPSF73-100_C	1	1	17435	3712	0.212905075996559	0.38370490232676
Creb_binding	1	1	17435	3712	0.212905075996559	0.38370490232676
CSD	4	2	17435	3712	0.20091360035154	0.38370490232676
CSRNP_N	1	1	17435	3712	0.212905075996559	0.38370490232676
CSTF_C	1	1	17435	3712	0.212905075996559	0.38370490232676
CSTF1_dimer	1	1	17435	3712	0.212905075996559	0.38370490232676
CSTF2_hinge	1	1	17435	3712	0.212905075996559	0.38370490232676
CTP_synth_N	1	1	17435	3712	0.212905075996559	0.38370490232676
CTU2	1	1	17435	3712	0.212905075996559	0.38370490232676
Cupin_4	1	1	17435	3712	0.212905075996559	0.38370490232676
CytochromB561_N	1	1	17435	3712	0.212905075996559	0.38370490232676
D123	1	1	17435	3712	0.212905075996559	0.38370490232676
DAGAT	1	1	17435	3712	0.212905075996559	0.38370490232676
Dak2	1	1	17435	3712	0.212905075996559	0.38370490232676
DAZAP2	1	1	17435	3712	0.212905075996559	0.38370490232676
DBP10CT	1	1	17435	3712	0.212905075996559	0.38370490232676
DBR1	1	1	17435	3712	0.212905075996559	0.38370490232676
DCAF15_WD40	1	1	17435	3712	0.212905075996559	0.38370490232676
Dcc1	1	1	17435	3712	0.212905075996559	0.38370490232676
dCMP_cyt_deam_1	4	2	17435	3712	0.20091360035154	0.38370490232676
DCP1	1	1	17435	3712	0.212905075996559	0.38370490232676
DDT	3	2	17435	3712	0.116667789590767	0.38370490232676
DEAD_2	4	3	17435	3712	0.0324219788299938	0.38370490232676
Death_2	1	1	17435	3712	0.212905075996559	0.38370490232676
DEK_C	3	2	17435	3712	0.116667789590767	0.38370490232676
Det1	1	1	17435	3712	0.212905075996559	0.38370490232676
DFP	1	1	17435	3712	0.212905075996559	0.38370490232676
DGCR6	1	1	17435	3712	0.212905075996559	0.38370490232676
DHFR_1	1	1	17435	3712	0.212905075996559	0.38370490232676
DKCLD	1	1	17435	3712	0.212905075996559	0.38370490232676
DMAP1	1	1	17435	3712	0.212905075996559	0.38370490232676
DNA_gyraseB	1	1	17435	3712	0.212905075996559	0.38370490232676
DNA_ligase_A_C	2	2	17435	3712	0.0453189593336714	0.38370490232676
DNA_ligase_A_M	2	2	17435	3712	0.0453189593336714	0.38370490232676
DNA_ligase_A_N	2	2	17435	3712	0.0453189593336714	0.38370490232676
DNA_methylase	1	1	17435	3712	0.212905075996559	0.38370490232676
DNA_mis_repair	2	2	17435	3712	0.0453189593336714	0.38370490232676
DNA_pol_A	2	2	17435	3712	0.0453189593336714	0.38370490232676
DNA_pol_alpha_N	1	1	17435	3712	0.212905075996559	0.38370490232676
DNA_pol_E_B	6	3	17435	3712	0.115334403235044	0.38370490232676
DNA_pol_phi	1	1	17435	3712	0.212905075996559	0.38370490232676
DNA_primase_lrg	1	1	17435	3712	0.212905075996559	0.38370490232676
DNA_primase_S	1	1	17435	3712	0.212905075996559	0.38370490232676
DNA_topoisoIV	1	1	17435	3712	0.212905075996559	0.38370490232676
Dna2	1	1	17435	3712	0.212905075996559	0.38370490232676
DNase_II	1	1	17435	3712	0.212905075996559	0.38370490232676
DOT1	1	1	17435	3712	0.212905075996559	0.38370490232676
DP	1	1	17435	3712	0.212905075996559	0.38370490232676
DPCD	1	1	17435	3712	0.212905075996559	0.38370490232676
Dpoe2NT	1	1	17435	3712	0.212905075996559	0.38370490232676
Drc1-Sld2	1	1	17435	3712	0.212905075996559	0.38370490232676
DRIM	1	1	17435	3712	0.212905075996559	0.38370490232676
DS	1	1	17435	3712	0.212905075996559	0.38370490232676
DSPc	13	5	17435	3712	0.12276973590238	0.38370490232676
DSPn	1	1	17435	3712	0.212905075996559	0.38370490232676
DUF1086	1	1	17435	3712	0.212905075996559	0.38370490232676
DUF1087	1	1	17435	3712	0.212905075996559	0.38370490232676
DUF1487	1	1	17435	3712	0.212905075996559	0.38370490232676
DUF1647	1	1	17435	3712	0.212905075996559	0.38370490232676
DUF1726	1	1	17435	3712	0.212905075996559	0.38370490232676
DUF1744	1	1	17435	3712	0.212905075996559	0.38370490232676
DUF1777	1	1	17435	3712	0.212905075996559	0.38370490232676
DUF2013	1	1	17435	3712	0.212905075996559	0.38370490232676
DUF2039	1	1	17435	3712	0.212905075996559	0.38370490232676
DUF2040	1	1	17435	3712	0.212905075996559	0.38370490232676
DUF2052	1	1	17435	3712	0.212905075996559	0.38370490232676
DUF2428	1	1	17435	3712	0.212905075996559	0.38370490232676
DUF2462	1	1	17435	3712	0.212905075996559	0.38370490232676
DUF2756	1	1	17435	3712	0.212905075996559	0.38370490232676
DUF3337	1	1	17435	3712	0.212905075996559	0.38370490232676
DUF3338	1	1	17435	3712	0.212905075996559	0.38370490232676
DUF3342	1	1	17435	3712	0.212905075996559	0.38370490232676
DUF3361	1	1	17435	3712	0.212905075996559	0.38370490232676
DUF3381	1	1	17435	3712	0.212905075996559	0.38370490232676
DUF3512	1	1	17435	3712	0.212905075996559	0.38370490232676
DUF3523	1	1	17435	3712	0.212905075996559	0.38370490232676
DUF3524	1	1	17435	3712	0.212905075996559	0.38370490232676
DUF3538	1	1	17435	3712	0.212905075996559	0.38370490232676
DUF3668	1	1	17435	3712	0.212905075996559	0.38370490232676
DUF3736	1	1	17435	3712	0.212905075996559	0.38370490232676
DUF3752	1	1	17435	3712	0.212905075996559	0.38370490232676
DUF4042	1	1	17435	3712	0.212905075996559	0.38370490232676
DUF4200	1	1	17435	3712	0.212905075996559	0.38370490232676
DUF4414	1	1	17435	3712	0.212905075996559	0.38370490232676
DUF4477	1	1	17435	3712	0.212905075996559	0.38370490232676
DUF4506	1	1	17435	3712	0.212905075996559	0.38370490232676
DUF4801	1	1	17435	3712	0.212905075996559	0.38370490232676
DUF4807	1	1	17435	3712	0.212905075996559	0.38370490232676
DUF4820	1	1	17435	3712	0.212905075996559	0.38370490232676
DUF4976	1	1	17435	3712	0.212905075996559	0.38370490232676
DUF560	1	1	17435	3712	0.212905075996559	0.38370490232676
DUF647	1	1	17435	3712	0.212905075996559	0.38370490232676
DUF812	1	1	17435	3712	0.212905075996559	0.38370490232676
DUF872	1	1	17435	3712	0.212905075996559	0.38370490232676
DUF902	1	1	17435	3712	0.212905075996559	0.38370490232676
dUTPase	1	1	17435	3712	0.212905075996559	0.38370490232676
DWNN	1	1	17435	3712	0.212905075996559	0.38370490232676
Dymeclin	1	1	17435	3712	0.212905075996559	0.38370490232676
Dzip-like_N	1	1	17435	3712	0.212905075996559	0.38370490232676
E2F_CC-MB	1	1	17435	3712	0.212905075996559	0.38370490232676
E3_binding	1	1	17435	3712	0.212905075996559	0.38370490232676
E3_UbLigase_EDD	1	1	17435	3712	0.212905075996559	0.38370490232676
EAF	1	1	17435	3712	0.212905075996559	0.38370490232676
Eaf7	1	1	17435	3712	0.212905075996559	0.38370490232676
Ebp2	1	1	17435	3712	0.212905075996559	0.38370490232676
EF-1_beta_acid	2	2	17435	3712	0.0453189593336714	0.38370490232676
EF-hand_2	2	2	17435	3712	0.0453189593336714	0.38370490232676
EF-hand_3	1	1	17435	3712	0.212905075996559	0.38370490232676
EF-hand_4	4	2	17435	3712	0.20091360035154	0.38370490232676
EF1_GNE	2	2	17435	3712	0.0453189593336714	0.38370490232676
EF1G	1	1	17435	3712	0.212905075996559	0.38370490232676
EFG_C	6	3	17435	3712	0.115334403235044	0.38370490232676
EFG_II	5	3	17435	3712	0.0682835998411198	0.38370490232676
EFG_IV	3	2	17435	3712	0.116667789590767	0.38370490232676
EFTUD2	1	1	17435	3712	0.212905075996559	0.38370490232676
EHN	2	2	17435	3712	0.0453189593336714	0.38370490232676
eIF-6	1	1	17435	3712	0.212905075996559	0.38370490232676
EIF4E-T	2	2	17435	3712	0.0453189593336714	0.38370490232676
ELL	1	1	17435	3712	0.212905075996559	0.38370490232676
ELM2	5	3	17435	3712	0.0682835998411198	0.38370490232676
ELYS	1	1	17435	3712	0.212905075996559	0.38370490232676
ELYS-bb	1	1	17435	3712	0.212905075996559	0.38370490232676
EMG1	1	1	17435	3712	0.212905075996559	0.38370490232676
ENT	1	1	17435	3712	0.212905075996559	0.38370490232676
EphA2_TM	1	1	17435	3712	0.212905075996559	0.38370490232676
Ephrin_lbd	1	1	17435	3712	0.212905075996559	0.38370490232676
EPL1	3	2	17435	3712	0.116667789590767	0.38370490232676
ERCC3_RAD25_C	1	1	17435	3712	0.212905075996559	0.38370490232676
ERGIC_N	1	1	17435	3712	0.212905075996559	0.38370490232676
EST1	3	2	17435	3712	0.116667789590767	0.38370490232676
EST1_DNA_bind	3	2	17435	3712	0.116667789590767	0.38370490232676
F_actin_bind	1	1	17435	3712	0.212905075996559	0.38370490232676
FACT-Spt16_Nlob	1	1	17435	3712	0.212905075996559	0.38370490232676
FAM117	1	1	17435	3712	0.212905075996559	0.38370490232676
FAM193_C	1	1	17435	3712	0.212905075996559	0.38370490232676
FancD2	1	1	17435	3712	0.212905075996559	0.38370490232676
FANCL_C	1	1	17435	3712	0.212905075996559	0.38370490232676
Fanconi_A_N	1	1	17435	3712	0.212905075996559	0.38370490232676
FAR1	1	1	17435	3712	0.212905075996559	0.38370490232676
FAT	7	3	17435	3712	0.170891551312786	0.38370490232676
FATC	6	3	17435	3712	0.115334403235044	0.38370490232676
Fcf1	2	2	17435	3712	0.0453189593336714	0.38370490232676
Fcf2	1	1	17435	3712	0.212905075996559	0.38370490232676
FDF	2	2	17435	3712	0.0453189593336714	0.38370490232676
FHA	18	7	17435	3712	0.0686699377942175	0.38370490232676
Fibrillarin	1	1	17435	3712	0.212905075996559	0.38370490232676
Fic	1	1	17435	3712	0.212905075996559	0.38370490232676
fn3_4	1	1	17435	3712	0.212905075996559	0.38370490232676
FragX_IP	1	1	17435	3712	0.212905075996559	0.38370490232676
FSH1	1	1	17435	3712	0.212905075996559	0.38370490232676
FtsJ	6	4	17435	3712	0.0212327964471956	0.38370490232676
FXMRP1_C_core	1	1	17435	3712	0.212905075996559	0.38370490232676
G-patch_2	1	1	17435	3712	0.212905075996559	0.38370490232676
GABP-alpha	1	1	17435	3712	0.212905075996559	0.38370490232676
GAGA	1	1	17435	3712	0.212905075996559	0.38370490232676
Gar1	2	2	17435	3712	0.0453189593336714	0.38370490232676
GATase	3	2	17435	3712	0.116667789590767	0.38370490232676
Gate	1	1	17435	3712	0.212905075996559	0.38370490232676
Gcd10p	1	1	17435	3712	0.212905075996559	0.38370490232676
GCD14	1	1	17435	3712	0.212905075996559	0.38370490232676
GCOM2	1	1	17435	3712	0.212905075996559	0.38370490232676
Geminin	1	1	17435	3712	0.212905075996559	0.38370490232676
GLE1	1	1	17435	3712	0.212905075996559	0.38370490232676
Glyco_hydro_30	1	1	17435	3712	0.212905075996559	0.38370490232676
Glyco_hydro_30C	1	1	17435	3712	0.212905075996559	0.38370490232676
Glyco_transf_7C	4	2	17435	3712	0.20091360035154	0.38370490232676
Glyco_transf_7N	3	2	17435	3712	0.116667789590767	0.38370490232676
GN3L_Grn1	1	1	17435	3712	0.212905075996559	0.38370490232676
GNAT_acetyltr_2	1	1	17435	3712	0.212905075996559	0.38370490232676
GrpE	1	1	17435	3712	0.212905075996559	0.38370490232676
GTP_EFTU	19	7	17435	3712	0.0894674953956332	0.38370490232676
GTP_EFTU_D2	10	5	17435	3712	0.0420467943568972	0.38370490232676
HA2	13	6	17435	3712	0.0398587303514757	0.38370490232676
HARP	1	1	17435	3712	0.212905075996559	0.38370490232676
HAT_KAT11	1	1	17435	3712	0.212905075996559	0.38370490232676
Hat1_N	1	1	17435	3712	0.212905075996559	0.38370490232676
HATPase_c_3	4	3	17435	3712	0.0324219788299938	0.38370490232676
HAUS-augmin3	1	1	17435	3712	0.212905075996559	0.38370490232676
HAUS6_N	1	1	17435	3712	0.212905075996559	0.38370490232676
Headcase	2	2	17435	3712	0.0453189593336714	0.38370490232676
HECA	1	1	17435	3712	0.212905075996559	0.38370490232676
Helicase_C_3	1	1	17435	3712	0.212905075996559	0.38370490232676
Helicase_RecD	1	1	17435	3712	0.212905075996559	0.38370490232676
HEXIM	1	1	17435	3712	0.212905075996559	0.38370490232676
HGTP_anticodon	7	3	17435	3712	0.170891551312786	0.38370490232676
HHH	1	1	17435	3712	0.212905075996559	0.38370490232676
HHH_3	1	1	17435	3712	0.212905075996559	0.38370490232676
HHH_5	1	1	17435	3712	0.212905075996559	0.38370490232676
HMG_box	20	7	17435	3712	0.11339752849158	0.38370490232676
HORMA	2	2	17435	3712	0.0453189593336714	0.38370490232676
HSL_N	1	1	17435	3712	0.212905075996559	0.38370490232676
HTH_23	2	2	17435	3712	0.0453189593336714	0.38370490232676
HTH_33	2	2	17435	3712	0.0453189593336714	0.38370490232676
HTH_40	2	2	17435	3712	0.0453189593336714	0.38370490232676
HUN	1	1	17435	3712	0.212905075996559	0.38370490232676
Hus1	1	1	17435	3712	0.212905075996559	0.38370490232676
HVSL	1	1	17435	3712	0.212905075996559	0.38370490232676
HyaE	1	1	17435	3712	0.212905075996559	0.38370490232676
Hyccin	1	1	17435	3712	0.212905075996559	0.38370490232676
HYLS1_C	1	1	17435	3712	0.212905075996559	0.38370490232676
Ima1_N	1	1	17435	3712	0.212905075996559	0.38370490232676
IMS_HHH	1	1	17435	3712	0.212905075996559	0.38370490232676
Indigoidine_A	1	1	17435	3712	0.212905075996559	0.38370490232676
INT_SG_DDX_CT_C	1	1	17435	3712	0.212905075996559	0.38370490232676
IPPT	1	1	17435	3712	0.212905075996559	0.38370490232676
Iwr1	1	1	17435	3712	0.212905075996559	0.38370490232676
Katanin_con80	1	1	17435	3712	0.212905075996559	0.38370490232676
KH_2	1	1	17435	3712	0.212905075996559	0.38370490232676
KH_6	2	2	17435	3712	0.0453189593336714	0.38370490232676
KIND	1	1	17435	3712	0.212905075996559	0.38370490232676
Kinesin	24	9	17435	3712	0.0516899557018636	0.38370490232676
KIX	1	1	17435	3712	0.212905075996559	0.38370490232676
La	5	3	17435	3712	0.0682835998411198	0.38370490232676
Lactamase_B_4	1	1	17435	3712	0.212905075996559	0.38370490232676
Lactamase_B_6	3	2	17435	3712	0.116667789590767	0.38370490232676
LANC_like	1	1	17435	3712	0.212905075996559	0.38370490232676
Laps	1	1	17435	3712	0.212905075996559	0.38370490232676
Las1	1	1	17435	3712	0.212905075996559	0.38370490232676
LEDGF	1	1	17435	3712	0.212905075996559	0.38370490232676
LEM	3	2	17435	3712	0.116667789590767	0.38370490232676
LIM_bind	1	1	17435	3712	0.212905075996559	0.38370490232676
LINES_C	1	1	17435	3712	0.212905075996559	0.38370490232676
LINES_N	1	1	17435	3712	0.212905075996559	0.38370490232676
Lsm_interact	1	1	17435	3712	0.212905075996559	0.38370490232676
LSM14	2	2	17435	3712	0.0453189593336714	0.38370490232676
LsmAD	1	1	17435	3712	0.212905075996559	0.38370490232676
LTD	1	1	17435	3712	0.212905075996559	0.38370490232676
LysM	3	2	17435	3712	0.116667789590767	0.38370490232676
M_domain	3	2	17435	3712	0.116667789590767	0.38370490232676
Macoilin	1	1	17435	3712	0.212905075996559	0.38370490232676
MACPF	1	1	17435	3712	0.212905075996559	0.38370490232676
MADF_DNA_bdg	36	13	17435	3712	0.0295096211713552	0.38370490232676
Maf	1	1	17435	3712	0.212905075996559	0.38370490232676
MAGE	1	1	17435	3712	0.212905075996559	0.38370490232676
Mak16	1	1	17435	3712	0.212905075996559	0.38370490232676
Malectin	1	1	17435	3712	0.212905075996559	0.38370490232676
MamL-1	1	1	17435	3712	0.212905075996559	0.38370490232676
MAP65_ASE1	1	1	17435	3712	0.212905075996559	0.38370490232676
MBOAT	8	4	17435	3712	0.0688465738560156	0.38370490232676
Mcl1_mid	1	1	17435	3712	0.212905075996559	0.38370490232676
MCM_bind	1	1	17435	3712	0.212905075996559	0.38370490232676
Mcm10	2	2	17435	3712	0.0453189593336714	0.38370490232676
MCM2_N	1	1	17435	3712	0.212905075996559	0.38370490232676
MCM3AP_GANP	1	1	17435	3712	0.212905075996559	0.38370490232676
MCU	1	1	17435	3712	0.212905075996559	0.38370490232676
Med1	1	1	17435	3712	0.212905075996559	0.38370490232676
Med18	1	1	17435	3712	0.212905075996559	0.38370490232676
Med20	1	1	17435	3712	0.212905075996559	0.38370490232676
Med27	1	1	17435	3712	0.212905075996559	0.38370490232676
Met_10	1	1	17435	3712	0.212905075996559	0.38370490232676
Metallophos	28	10	17435	3712	0.0569150761142832	0.38370490232676
Methyltr_RsmF_N	1	1	17435	3712	0.212905075996559	0.38370490232676
Methyltransf_10	1	1	17435	3712	0.212905075996559	0.38370490232676
Methyltransf_23	4	3	17435	3712	0.0324219788299938	0.38370490232676
Methyltransf_25	6	4	17435	3712	0.0212327964471956	0.38370490232676
Methyltransf_8	1	1	17435	3712	0.212905075996559	0.38370490232676
MgsA_C	1	1	17435	3712	0.212905075996559	0.38370490232676
MIF4G	8	4	17435	3712	0.0688465738560156	0.38370490232676
MIF4G_like	1	1	17435	3712	0.212905075996559	0.38370490232676
MIF4G_like_2	1	1	17435	3712	0.212905075996559	0.38370490232676
Misat_Tub_SegII	1	1	17435	3712	0.212905075996559	0.38370490232676
mit_SMPDase	1	1	17435	3712	0.212905075996559	0.38370490232676
Mito_morph_reg	1	1	17435	3712	0.212905075996559	0.38370490232676
MKLP1_Arf_bdg	1	1	17435	3712	0.212905075996559	0.38370490232676
Mlh1_C	1	1	17435	3712	0.212905075996559	0.38370490232676
Mmp37	1	1	17435	3712	0.212905075996559	0.38370490232676
MMR_HSR1	20	8	17435	3712	0.0450260053603029	0.38370490232676
MMS1_N	3	2	17435	3712	0.116667789590767	0.38370490232676
MMS22L_C	1	1	17435	3712	0.212905075996559	0.38370490232676
MMS22L_N	1	1	17435	3712	0.212905075996559	0.38370490232676
MnmE_helical	1	1	17435	3712	0.212905075996559	0.38370490232676
MNNL	1	1	17435	3712	0.212905075996559	0.38370490232676
Mo-co_dimer	1	1	17435	3712	0.212905075996559	0.38370490232676
MOZ_SAS	4	3	17435	3712	0.0324219788299938	0.38370490232676
MPLKIP	1	1	17435	3712	0.212905075996559	0.38370490232676
Mpp10	1	1	17435	3712	0.212905075996559	0.38370490232676
MPP6	1	1	17435	3712	0.212905075996559	0.38370490232676
Mre11_DNA_bind	1	1	17435	3712	0.212905075996559	0.38370490232676
mRNA_cap_C	1	1	17435	3712	0.212905075996559	0.38370490232676
mRNA_cap_enzyme	1	1	17435	3712	0.212905075996559	0.38370490232676
mRNA_decap_C	1	1	17435	3712	0.212905075996559	0.38370490232676
MRNIP	1	1	17435	3712	0.212905075996559	0.38370490232676
MSL2-CXC	1	1	17435	3712	0.212905075996559	0.38370490232676
MTA_R1	1	1	17435	3712	0.212905075996559	0.38370490232676
mTERF	3	2	17435	3712	0.116667789590767	0.38370490232676
Mtf2_C	1	1	17435	3712	0.212905075996559	0.38370490232676
Mur_ligase_M	1	1	17435	3712	0.212905075996559	0.38370490232676
Muskelin_N	1	1	17435	3712	0.212905075996559	0.38370490232676
MutL_C	1	1	17435	3712	0.212905075996559	0.38370490232676
MutS_I	2	2	17435	3712	0.0453189593336714	0.38370490232676
Myb_DNA-bind_6	4	3	17435	3712	0.0324219788299938	0.38370490232676
Myb_DNA-binding	9	5	17435	3712	0.0254099730197087	0.38370490232676
N-SET	1	1	17435	3712	0.212905075996559	0.38370490232676
N6-adenineMlase	2	2	17435	3712	0.0453189593336714	0.38370490232676
NARG2_C	1	1	17435	3712	0.212905075996559	0.38370490232676
NARP1	1	1	17435	3712	0.212905075996559	0.38370490232676
NatB_MDM20	1	1	17435	3712	0.212905075996559	0.38370490232676
Ndc80_HEC	1	1	17435	3712	0.212905075996559	0.38370490232676
NGP1NT	1	1	17435	3712	0.212905075996559	0.38370490232676
Nic96	1	1	17435	3712	0.212905075996559	0.38370490232676
Nipped-B_C	1	1	17435	3712	0.212905075996559	0.38370490232676
NKAIN	1	1	17435	3712	0.212905075996559	0.38370490232676
NLE	2	2	17435	3712	0.0453189593336714	0.38370490232676
NMD3	1	1	17435	3712	0.212905075996559	0.38370490232676
NOB1_Zn_bind	1	1	17435	3712	0.212905075996559	0.38370490232676
Noc2	1	1	17435	3712	0.212905075996559	0.38370490232676
NOC3p	1	1	17435	3712	0.212905075996559	0.38370490232676
NOG1	1	1	17435	3712	0.212905075996559	0.38370490232676
NOGCT	1	1	17435	3712	0.212905075996559	0.38370490232676
Nop	3	2	17435	3712	0.116667789590767	0.38370490232676
Nop14	2	2	17435	3712	0.0453189593336714	0.38370490232676
Nop16	1	1	17435	3712	0.212905075996559	0.38370490232676
Nop25	1	1	17435	3712	0.212905075996559	0.38370490232676
Nop52	1	1	17435	3712	0.212905075996559	0.38370490232676
NOP5NT	2	2	17435	3712	0.0453189593336714	0.38370490232676
NopRA1	1	1	17435	3712	0.212905075996559	0.38370490232676
NOPS	1	1	17435	3712	0.212905075996559	0.38370490232676
NosD	1	1	17435	3712	0.212905075996559	0.38370490232676
Npa1	1	1	17435	3712	0.212905075996559	0.38370490232676
NPR2	1	1	17435	3712	0.212905075996559	0.38370490232676
NPR3	1	1	17435	3712	0.212905075996559	0.38370490232676
Nrap	1	1	17435	3712	0.212905075996559	0.38370490232676
Nrap_D2	1	1	17435	3712	0.212905075996559	0.38370490232676
Nrap_D3	1	1	17435	3712	0.212905075996559	0.38370490232676
Nrap_D4	1	1	17435	3712	0.212905075996559	0.38370490232676
Nrap_D5	1	1	17435	3712	0.212905075996559	0.38370490232676
Nrap_D6	1	1	17435	3712	0.212905075996559	0.38370490232676
NRDE-2	1	1	17435	3712	0.212905075996559	0.38370490232676
Nt_Gln_amidase	1	1	17435	3712	0.212905075996559	0.38370490232676
NTP_transf_7	1	1	17435	3712	0.212905075996559	0.38370490232676
NUC130_3NT	1	1	17435	3712	0.212905075996559	0.38370490232676
NUC153	2	2	17435	3712	0.0453189593336714	0.38370490232676
NUC173	1	1	17435	3712	0.212905075996559	0.38370490232676
NUC194	1	1	17435	3712	0.212905075996559	0.38370490232676
Nucleic_acid_bd	1	1	17435	3712	0.212905075996559	0.38370490232676
Nucleolin_bd	1	1	17435	3712	0.212905075996559	0.38370490232676
Nucleoplasmin	1	1	17435	3712	0.212905075996559	0.38370490232676
Nucleopor_Nup85	1	1	17435	3712	0.212905075996559	0.38370490232676
Nucleoporin_C	2	2	17435	3712	0.0453189593336714	0.38370490232676
Nucleoporin_FG	3	2	17435	3712	0.116667789590767	0.38370490232676
Nucleoporin_FG2	1	1	17435	3712	0.212905075996559	0.38370490232676
Nucleoporin_N	2	2	17435	3712	0.0453189593336714	0.38370490232676
Nucleos_tra2_C	1	1	17435	3712	0.212905075996559	0.38370490232676
Nucleos_tra2_N	1	1	17435	3712	0.212905075996559	0.38370490232676
Nuf2	1	1	17435	3712	0.212905075996559	0.38370490232676
NUFIP1	1	1	17435	3712	0.212905075996559	0.38370490232676
Nup160	1	1	17435	3712	0.212905075996559	0.38370490232676
Nup188	1	1	17435	3712	0.212905075996559	0.38370490232676
Nup192	1	1	17435	3712	0.212905075996559	0.38370490232676
Nup35_RRM	1	1	17435	3712	0.212905075996559	0.38370490232676
NUP50	1	1	17435	3712	0.212905075996559	0.38370490232676
OB_NTP_bind	13	5	17435	3712	0.12276973590238	0.38370490232676
Occludin_ELL	1	1	17435	3712	0.212905075996559	0.38370490232676
OCD_Mu_crystall	1	1	17435	3712	0.212905075996559	0.38370490232676
OMPdecase	1	1	17435	3712	0.212905075996559	0.38370490232676
ORC2	1	1	17435	3712	0.212905075996559	0.38370490232676
ORC3_N	1	1	17435	3712	0.212905075996559	0.38370490232676
ORC4_C	1	1	17435	3712	0.212905075996559	0.38370490232676
OSK	1	1	17435	3712	0.212905075996559	0.38370490232676
OTCace	1	1	17435	3712	0.212905075996559	0.38370490232676
OTCace_N	1	1	17435	3712	0.212905075996559	0.38370490232676
Oxidored_molyb	1	1	17435	3712	0.212905075996559	0.38370490232676
PA28_alpha	1	1	17435	3712	0.212905075996559	0.38370490232676
PA28_beta	1	1	17435	3712	0.212905075996559	0.38370490232676
PADR1	1	1	17435	3712	0.212905075996559	0.38370490232676
PAH	2	2	17435	3712	0.0453189593336714	0.38370490232676
PAM2	3	2	17435	3712	0.116667789590767	0.38370490232676
PARP	3	2	17435	3712	0.116667789590767	0.38370490232676
PARP_reg	1	1	17435	3712	0.212905075996559	0.38370490232676
PAS_3	4	2	17435	3712	0.20091360035154	0.38370490232676
PAXNEB	1	1	17435	3712	0.212905075996559	0.38370490232676
PAZ	11	5	17435	3712	0.063875958881388	0.38370490232676
PBC	1	1	17435	3712	0.212905075996559	0.38370490232676
PCIF1_WW	1	1	17435	3712	0.212905075996559	0.38370490232676
PDCD2_C	2	2	17435	3712	0.0453189593336714	0.38370490232676
PDDEXK_1	1	1	17435	3712	0.212905075996559	0.38370490232676
PEHE	1	1	17435	3712	0.212905075996559	0.38370490232676
Peptidase_C50	1	1	17435	3712	0.212905075996559	0.38370490232676
Peptidase_M2	7	3	17435	3712	0.170891551312786	0.38370490232676
Peptidase_M24	10	4	17435	3712	0.144628561303837	0.38370490232676
Peptidase_M50	1	1	17435	3712	0.212905075996559	0.38370490232676
Perilipin	2	2	17435	3712	0.0453189593336714	0.38370490232676
Pescadillo_N	1	1	17435	3712	0.212905075996559	0.38370490232676
PH_12	1	1	17435	3712	0.212905075996559	0.38370490232676
PH_13	1	1	17435	3712	0.212905075996559	0.38370490232676
PH_TFIIH	1	1	17435	3712	0.212905075996559	0.38370490232676
PHAT	1	1	17435	3712	0.212905075996559	0.38370490232676
PHD	22	9	17435	3712	0.0295105535936032	0.38370490232676
Phe_ZIP	1	1	17435	3712	0.212905075996559	0.38370490232676
PI3_PI4_kinase	14	5	17435	3712	0.159030544112008	0.38370490232676
PI3K_C2	3	2	17435	3712	0.116667789590767	0.38370490232676
PI3K_P85_iSH2	1	1	17435	3712	0.212905075996559	0.38370490232676
PI3K_p85B	1	1	17435	3712	0.212905075996559	0.38370490232676
PI3K_rbd	2	2	17435	3712	0.0453189593336714	0.38370490232676
PI3Ka	4	2	17435	3712	0.20091360035154	0.38370490232676
PIG-F	1	1	17435	3712	0.212905075996559	0.38370490232676
PigN	1	1	17435	3712	0.212905075996559	0.38370490232676
PIN_4	4	3	17435	3712	0.0324219788299938	0.38370490232676
PIN_6	1	1	17435	3712	0.212905075996559	0.38370490232676
Piwi	10	4	17435	3712	0.144628561303837	0.38370490232676
PKI	1	1	17435	3712	0.212905075996559	0.38370490232676
Pkinase_C	9	4	17435	3712	0.103595854525061	0.38370490232676
Pkinase_Tyr	51	16	17435	3712	0.060458480275653	0.38370490232676
PKK	1	1	17435	3712	0.212905075996559	0.38370490232676
Plant_tran	1	1	17435	3712	0.212905075996559	0.38370490232676
PLDc	1	1	17435	3712	0.212905075996559	0.38370490232676
PLDc_3	1	1	17435	3712	0.212905075996559	0.38370490232676
PMC2NT	1	1	17435	3712	0.212905075996559	0.38370490232676
PNK3P	1	1	17435	3712	0.212905075996559	0.38370490232676
PNPase	1	1	17435	3712	0.212905075996559	0.38370490232676
POLO_box	1	1	17435	3712	0.212905075996559	0.38370490232676
PolyA_pol	1	1	17435	3712	0.212905075996559	0.38370490232676
PolyA_pol_RNAbd	1	1	17435	3712	0.212905075996559	0.38370490232676
Polysacc_synt_4	1	1	17435	3712	0.212905075996559	0.38370490232676
POP1	1	1	17435	3712	0.212905075996559	0.38370490232676
POPLD	1	1	17435	3712	0.212905075996559	0.38370490232676
PP2C_C	1	1	17435	3712	0.212905075996559	0.38370490232676
PPP4R2	1	1	17435	3712	0.212905075996559	0.38370490232676
PPP5	1	1	17435	3712	0.212905075996559	0.38370490232676
PPR_long	1	1	17435	3712	0.212905075996559	0.38370490232676
PRAS	1	1	17435	3712	0.212905075996559	0.38370490232676
PRCC	1	1	17435	3712	0.212905075996559	0.38370490232676
Pre-SET	2	2	17435	3712	0.0453189593336714	0.38370490232676
Prenyltransf	1	1	17435	3712	0.212905075996559	0.38370490232676
PrmA	6	3	17435	3712	0.115334403235044	0.38370490232676
PRMT5	1	1	17435	3712	0.212905075996559	0.38370490232676
PRMT5_C	1	1	17435	3712	0.212905075996559	0.38370490232676
ProRS-C_1	1	1	17435	3712	0.212905075996559	0.38370490232676
Prp19	1	1	17435	3712	0.212905075996559	0.38370490232676
PRP38	2	2	17435	3712	0.0453189593336714	0.38370490232676
PRP38_assoc	1	1	17435	3712	0.212905075996559	0.38370490232676
PseudoU_synth_1	3	2	17435	3712	0.116667789590767	0.38370490232676
PTPS	1	1	17435	3712	0.212905075996559	0.38370490232676
PTR2	2	2	17435	3712	0.0453189593336714	0.38370490232676
PUF	1	1	17435	3712	0.212905075996559	0.38370490232676
Pyrid_oxidase_2	1	1	17435	3712	0.212905075996559	0.38370490232676
Q_salvage	1	1	17435	3712	0.212905075996559	0.38370490232676
R3H	4	2	17435	3712	0.20091360035154	0.38370490232676
RAC_head	1	1	17435	3712	0.212905075996559	0.38370490232676
Rad17	1	1	17435	3712	0.212905075996559	0.38370490232676
Rad60-SLD_2	1	1	17435	3712	0.212905075996559	0.38370490232676
Rad9	1	1	17435	3712	0.212905075996559	0.38370490232676
Ran_BP1	3	2	17435	3712	0.116667789590767	0.38370490232676
RanGAP1_C	1	1	17435	3712	0.212905075996559	0.38370490232676
Raptor_N	2	2	17435	3712	0.0453189593336714	0.38370490232676
RasGEF_N_2	1	1	17435	3712	0.212905075996559	0.38370490232676
RAWUL	4	2	17435	3712	0.20091360035154	0.38370490232676
Rbsn	1	1	17435	3712	0.212905075996559	0.38370490232676
Rep_fac-A_3	1	1	17435	3712	0.212905075996559	0.38370490232676
Rep_fac-A_C	1	1	17435	3712	0.212905075996559	0.38370490232676
Rep-A_N	1	1	17435	3712	0.212905075996559	0.38370490232676
REPA_OB_2	1	1	17435	3712	0.212905075996559	0.38370490232676
ResIII	2	2	17435	3712	0.0453189593336714	0.38370490232676
REV1_C	1	1	17435	3712	0.212905075996559	0.38370490232676
RFC1	1	1	17435	3712	0.212905075996559	0.38370490232676
RFX_DNA_binding	2	2	17435	3712	0.0453189593336714	0.38370490232676
RGS-like	1	1	17435	3712	0.212905075996559	0.38370490232676
RhoGAP	24	9	17435	3712	0.0516899557018636	0.38370490232676
RhoGEF	27	9	17435	3712	0.101466281487577	0.38370490232676
RIBIOP_C	2	2	17435	3712	0.0453189593336714	0.38370490232676
Ribonuc_red_lgC	2	2	17435	3712	0.0453189593336714	0.38370490232676
Ribonuc_red_lgN	2	2	17435	3712	0.0453189593336714	0.38370490232676
Ribos_L4_asso_C	1	1	17435	3712	0.212905075996559	0.38370490232676
Ribosomal_L1	3	2	17435	3712	0.116667789590767	0.38370490232676
Ribosomal_L10	3	2	17435	3712	0.116667789590767	0.38370490232676
Ribosomal_L13e	1	1	17435	3712	0.212905075996559	0.38370490232676
Ribosomal_L14e	1	1	17435	3712	0.212905075996559	0.38370490232676
Ribosomal_L18	1	1	17435	3712	0.212905075996559	0.38370490232676
Ribosomal_L18_c	1	1	17435	3712	0.212905075996559	0.38370490232676
Ribosomal_L27e	1	1	17435	3712	0.212905075996559	0.38370490232676
Ribosomal_L28e	2	2	17435	3712	0.0453189593336714	0.38370490232676
Ribosomal_L29	1	1	17435	3712	0.212905075996559	0.38370490232676
Ribosomal_L29e	1	1	17435	3712	0.212905075996559	0.38370490232676
Ribosomal_L32e	1	1	17435	3712	0.212905075996559	0.38370490232676
Ribosomal_L35Ae	1	1	17435	3712	0.212905075996559	0.38370490232676
Ribosomal_L37ae	1	1	17435	3712	0.212905075996559	0.38370490232676
Ribosomal_L38e	1	1	17435	3712	0.212905075996559	0.38370490232676
Ribosomal_L40e	1	1	17435	3712	0.212905075996559	0.38370490232676
Ribosomal_L44	1	1	17435	3712	0.212905075996559	0.38370490232676
Ribosomal_L5	1	1	17435	3712	0.212905075996559	0.38370490232676
Ribosomal_L5_C	1	1	17435	3712	0.212905075996559	0.38370490232676
Ribosomal_L5e	1	1	17435	3712	0.212905075996559	0.38370490232676
Ribosomal_L6	1	1	17435	3712	0.212905075996559	0.38370490232676
Ribosomal_S13	1	1	17435	3712	0.212905075996559	0.38370490232676
Ribosomal_S13_N	1	1	17435	3712	0.212905075996559	0.38370490232676
Ribosomal_S27e	1	1	17435	3712	0.212905075996559	0.38370490232676
Ribosomal_S3_C	1	1	17435	3712	0.212905075996559	0.38370490232676
Ribosomal_S4	2	2	17435	3712	0.0453189593336714	0.38370490232676
Ribosomal_S8e	2	2	17435	3712	0.0453189593336714	0.38370490232676
RICTOR_M	1	1	17435	3712	0.212905075996559	0.38370490232676
RICTOR_N	1	1	17435	3712	0.212905075996559	0.38370490232676
RICTOR_V	1	1	17435	3712	0.212905075996559	0.38370490232676
Rif1_N	1	1	17435	3712	0.212905075996559	0.38370490232676
RIO1	3	2	17435	3712	0.116667789590767	0.38370490232676
Rio2_N	1	1	17435	3712	0.212905075996559	0.38370490232676
RMI1_C	1	1	17435	3712	0.212905075996559	0.38370490232676
RMI1_N	2	2	17435	3712	0.0453189593336714	0.38370490232676
RMMBL	3	2	17435	3712	0.116667789590767	0.38370490232676
RNA_pol_I_A49	1	1	17435	3712	0.212905075996559	0.38370490232676
RNA_pol_Rbc25	1	1	17435	3712	0.212905075996559	0.38370490232676
RNA_pol_Rpa2_4	1	1	17435	3712	0.212905075996559	0.38370490232676
RNA_pol_Rpb2_1	3	2	17435	3712	0.116667789590767	0.38370490232676
RNA_pol_Rpb2_2	3	2	17435	3712	0.116667789590767	0.38370490232676
RNA_pol_Rpb2_3	4	3	17435	3712	0.0324219788299938	0.38370490232676
RNA_pol_Rpb2_6	3	2	17435	3712	0.116667789590767	0.38370490232676
RNA_pol_Rpb2_7	3	2	17435	3712	0.116667789590767	0.38370490232676
RNA_pol_Rpb6	1	1	17435	3712	0.212905075996559	0.38370490232676
RNA_pol_Rpc4	1	1	17435	3712	0.212905075996559	0.38370490232676
RNase_H2_suC	1	1	17435	3712	0.212905075996559	0.38370490232676
RNase_HII	1	1	17435	3712	0.212905075996559	0.38370490232676
RNase_P_p30	1	1	17435	3712	0.212905075996559	0.38370490232676
RNase_PH_C	4	3	17435	3712	0.0324219788299938	0.38370490232676
Rod_C	1	1	17435	3712	0.212905075996559	0.38370490232676
Rpr2	1	1	17435	3712	0.212905075996559	0.38370490232676
RQC	2	2	17435	3712	0.0453189593336714	0.38370490232676
RRM_3	2	2	17435	3712	0.0453189593336714	0.38370490232676
RRN3	1	1	17435	3712	0.212905075996559	0.38370490232676
RrnaAD	3	2	17435	3712	0.116667789590767	0.38370490232676
Rrp15p	1	1	17435	3712	0.212905075996559	0.38370490232676
RRP36	1	1	17435	3712	0.212905075996559	0.38370490232676
Rrp44_CSD1	1	1	17435	3712	0.212905075996559	0.38370490232676
Rrp44_S1	1	1	17435	3712	0.212905075996559	0.38370490232676
RRP7	1	1	17435	3712	0.212905075996559	0.38370490232676
RRS1	1	1	17435	3712	0.212905075996559	0.38370490232676
RTP1_C1	1	1	17435	3712	0.212905075996559	0.38370490232676
RTP1_C2	1	1	17435	3712	0.212905075996559	0.38370490232676
RTTN_N	1	1	17435	3712	0.212905075996559	0.38370490232676
Rubis-subs-bind	1	1	17435	3712	0.212905075996559	0.38370490232676
RuvB_N	1	1	17435	3712	0.212905075996559	0.38370490232676
RWD	7	3	17435	3712	0.170891551312786	0.38370490232676
S4	3	2	17435	3712	0.116667789590767	0.38370490232676
SAC3_GANP	3	2	17435	3712	0.116667789590767	0.38370490232676
SAND	2	2	17435	3712	0.0453189593336714	0.38370490232676
SANT_DAMP1_like	1	1	17435	3712	0.212905075996559	0.38370490232676
SAP	8	4	17435	3712	0.0688465738560156	0.38370490232676
SAP130_C	1	1	17435	3712	0.212905075996559	0.38370490232676
SAP30_Sin3_bdg	1	1	17435	3712	0.212905075996559	0.38370490232676
SAPS	1	1	17435	3712	0.212905075996559	0.38370490232676
SART-1	1	1	17435	3712	0.212905075996559	0.38370490232676
SAS-6_N	1	1	17435	3712	0.212905075996559	0.38370490232676
SbcCD_C	3	2	17435	3712	0.116667789590767	0.38370490232676
SCAI	1	1	17435	3712	0.212905075996559	0.38370490232676
SCAPER_N	1	1	17435	3712	0.212905075996559	0.38370490232676
SDA1	1	1	17435	3712	0.212905075996559	0.38370490232676
Sen15	1	1	17435	3712	0.212905075996559	0.38370490232676
SepSecS	1	1	17435	3712	0.212905075996559	0.38370490232676
Serendipity_A	1	1	17435	3712	0.212905075996559	0.38370490232676
Seryl_tRNA_N	1	1	17435	3712	0.212905075996559	0.38370490232676
SH2	29	11	17435	3712	0.0303783542327146	0.38370490232676
SHQ1	1	1	17435	3712	0.212905075996559	0.38370490232676
Shugoshin_C	1	1	17435	3712	0.212905075996559	0.38370490232676
Sin_N	1	1	17435	3712	0.212905075996559	0.38370490232676
Sin3_corepress	1	1	17435	3712	0.212905075996559	0.38370490232676
Sin3a_C	1	1	17435	3712	0.212905075996559	0.38370490232676
SIR2	4	2	17435	3712	0.20091360035154	0.38370490232676
SIX1_SD	4	2	17435	3712	0.20091360035154	0.38370490232676
SKA1	1	1	17435	3712	0.212905075996559	0.38370490232676
SKA2	1	1	17435	3712	0.212905075996559	0.38370490232676
SLBP_RNA_bind	1	1	17435	3712	0.212905075996559	0.38370490232676
SLD5_C	1	1	17435	3712	0.212905075996559	0.38370490232676
SLED	1	1	17435	3712	0.212905075996559	0.38370490232676
Slx4	1	1	17435	3712	0.212905075996559	0.38370490232676
SLX9	1	1	17435	3712	0.212905075996559	0.38370490232676
SM-ATX	1	1	17435	3712	0.212905075996559	0.38370490232676
SMC_hinge	4	2	17435	3712	0.20091360035154	0.38370490232676
SMC_N	6	3	17435	3712	0.115334403235044	0.38370490232676
SMC_Nse1	2	2	17435	3712	0.0453189593336714	0.38370490232676
SNAPc_SNAP43	1	1	17435	3712	0.212905075996559	0.38370490232676
SNF5	1	1	17435	3712	0.212905075996559	0.38370490232676
SOAR	1	1	17435	3712	0.212905075996559	0.38370490232676
SOBP	1	1	17435	3712	0.212905075996559	0.38370490232676
SOXp	1	1	17435	3712	0.212905075996559	0.38370490232676
Spb1_C	1	1	17435	3712	0.212905075996559	0.38370490232676
SpoU_methylase	3	2	17435	3712	0.116667789590767	0.38370490232676
SprT-like	3	2	17435	3712	0.116667789590767	0.38370490232676
SPT16	1	1	17435	3712	0.212905075996559	0.38370490232676
Spt20	1	1	17435	3712	0.212905075996559	0.38370490232676
SRA1	1	1	17435	3712	0.212905075996559	0.38370490232676
SRAP	1	1	17435	3712	0.212905075996559	0.38370490232676
SRI	1	1	17435	3712	0.212905075996559	0.38370490232676
SSB	1	1	17435	3712	0.212905075996559	0.38370490232676
Ssl1	1	1	17435	3712	0.212905075996559	0.38370490232676
SSXT	1	1	17435	3712	0.212905075996559	0.38370490232676
ST7	1	1	17435	3712	0.212905075996559	0.38370490232676
Stathmin	1	1	17435	3712	0.212905075996559	0.38370490232676
Striatin	1	1	17435	3712	0.212905075996559	0.38370490232676
Sua5_yciO_yrdC	1	1	17435	3712	0.212905075996559	0.38370490232676
Suf	1	1	17435	3712	0.212905075996559	0.38370490232676
SURF6	1	1	17435	3712	0.212905075996559	0.38370490232676
SUV3_C	1	1	17435	3712	0.212905075996559	0.38370490232676
SUZ	3	2	17435	3712	0.116667789590767	0.38370490232676
SUZ-C	2	2	17435	3712	0.0453189593336714	0.38370490232676
Swi3	1	1	17435	3712	0.212905075996559	0.38370490232676
TAF4	1	1	17435	3712	0.212905075996559	0.38370490232676
TAFII55_N	1	1	17435	3712	0.212905075996559	0.38370490232676
TAN	1	1	17435	3712	0.212905075996559	0.38370490232676
TCTP	1	1	17435	3712	0.212905075996559	0.38370490232676
Telomere_reg-2	1	1	17435	3712	0.212905075996559	0.38370490232676
Telomere_Sde2	1	1	17435	3712	0.212905075996559	0.38370490232676
Tex_N	1	1	17435	3712	0.212905075996559	0.38370490232676
Tex_YqgF	1	1	17435	3712	0.212905075996559	0.38370490232676
Tfb2	1	1	17435	3712	0.212905075996559	0.38370490232676
Tfb4	1	1	17435	3712	0.212905075996559	0.38370490232676
TFIIIC_delta	1	1	17435	3712	0.212905075996559	0.38370490232676
TGT	2	2	17435	3712	0.0453189593336714	0.38370490232676
Thg1	1	1	17435	3712	0.212905075996559	0.38370490232676
Thg1C	1	1	17435	3712	0.212905075996559	0.38370490232676
Thioredoxin_7	1	1	17435	3712	0.212905075996559	0.38370490232676
THUMP	1	1	17435	3712	0.212905075996559	0.38370490232676
TIMELESS_C	1	1	17435	3712	0.212905075996559	0.38370490232676
Tma16	1	1	17435	3712	0.212905075996559	0.38370490232676
TMEM192	4	3	17435	3712	0.0324219788299938	0.38370490232676
Topo_C_assoc	1	1	17435	3712	0.212905075996559	0.38370490232676
Topoisom_bac	2	2	17435	3712	0.0453189593336714	0.38370490232676
Topoisom_I	1	1	17435	3712	0.212905075996559	0.38370490232676
Topoisom_I_N	1	1	17435	3712	0.212905075996559	0.38370490232676
TOPRIM_C	1	1	17435	3712	0.212905075996559	0.38370490232676
TPD	1	1	17435	3712	0.212905075996559	0.38370490232676
TPR_MLP1_2	1	1	17435	3712	0.212905075996559	0.38370490232676
TRAM	1	1	17435	3712	0.212905075996559	0.38370490232676
Transposase_21	1	1	17435	3712	0.212905075996559	0.38370490232676
Transthyretin	1	1	17435	3712	0.212905075996559	0.38370490232676
TRAUB	1	1	17435	3712	0.212905075996559	0.38370490232676
TRM	1	1	17435	3712	0.212905075996559	0.38370490232676
TRM13	1	1	17435	3712	0.212905075996559	0.38370490232676
TrmE_N	1	1	17435	3712	0.212905075996559	0.38370490232676
tRNA_anti-codon	6	4	17435	3712	0.0212327964471956	0.38370490232676
tRNA_bind	2	2	17435	3712	0.0453189593336714	0.38370490232676
tRNA_bind_2	1	1	17435	3712	0.212905075996559	0.38370490232676
tRNA_int_end_N2	1	1	17435	3712	0.212905075996559	0.38370490232676
tRNA_int_endo	2	2	17435	3712	0.0453189593336714	0.38370490232676
tRNA_m1G_MT	2	2	17435	3712	0.0453189593336714	0.38370490232676
tRNA_Me_trans	1	1	17435	3712	0.212905075996559	0.38370490232676
tRNA_U5-meth_tr	1	1	17435	3712	0.212905075996559	0.38370490232676
tRNA-synt_1b	4	3	17435	3712	0.0324219788299938	0.38370490232676
tRNA-synt_1d	2	2	17435	3712	0.0453189593336714	0.38370490232676
tRNA-synt_2	5	3	17435	3712	0.0682835998411198	0.38370490232676
tRNA-synt_2b	6	3	17435	3712	0.115334403235044	0.38370490232676
tRNA-synt_His	2	2	17435	3712	0.0453189593336714	0.38370490232676
TROVE	1	1	17435	3712	0.212905075996559	0.38370490232676
Trp_dioxygenase	1	1	17435	3712	0.212905075996559	0.38370490232676
TruB_C_2	1	1	17435	3712	0.212905075996559	0.38370490232676
TruD	1	1	17435	3712	0.212905075996559	0.38370490232676
Tubulin_3	1	1	17435	3712	0.212905075996559	0.38370490232676
Tudor-knot	4	2	17435	3712	0.20091360035154	0.38370490232676
U3_assoc_6	1	1	17435	3712	0.212905075996559	0.38370490232676
U3snoRNP10	1	1	17435	3712	0.212905075996559	0.38370490232676
UBN_AB	1	1	17435	3712	0.212905075996559	0.38370490232676
UCH	23	7	17435	3712	0.2020787958529	0.38370490232676
UDG	1	1	17435	3712	0.212905075996559	0.38370490232676
UPF0020	1	1	17435	3712	0.212905075996559	0.38370490232676
UPF0047	1	1	17435	3712	0.212905075996559	0.38370490232676
UPF0086	1	1	17435	3712	0.212905075996559	0.38370490232676
UPF0113	1	1	17435	3712	0.212905075996559	0.38370490232676
UPF0160	1	1	17435	3712	0.212905075996559	0.38370490232676
UPF0489	1	1	17435	3712	0.212905075996559	0.38370490232676
Urb2	1	1	17435	3712	0.212905075996559	0.38370490232676
Utp11	1	1	17435	3712	0.212905075996559	0.38370490232676
Utp13	1	1	17435	3712	0.212905075996559	0.38370490232676
Utp14	1	1	17435	3712	0.212905075996559	0.38370490232676
UTP15_C	1	1	17435	3712	0.212905075996559	0.38370490232676
Utp21	1	1	17435	3712	0.212905075996559	0.38370490232676
UTP25	1	1	17435	3712	0.212905075996559	0.38370490232676
VASP_tetra	1	1	17435	3712	0.212905075996559	0.38370490232676
VEFS-Box	1	1	17435	3712	0.212905075996559	0.38370490232676
VIR_N	1	1	17435	3712	0.212905075996559	0.38370490232676
Vps54	1	1	17435	3712	0.212905075996559	0.38370490232676
VWA_2	3	2	17435	3712	0.116667789590767	0.38370490232676
WAC_Acf1_DNA_bd	2	2	17435	3712	0.0453189593336714	0.38370490232676
WAPL	1	1	17435	3712	0.212905075996559	0.38370490232676
WBS_methylT	1	1	17435	3712	0.212905075996559	0.38370490232676
WD-3	1	1	17435	3712	0.212905075996559	0.38370490232676
WGG	1	1	17435	3712	0.212905075996559	0.38370490232676
WGR	1	1	17435	3712	0.212905075996559	0.38370490232676
WH1	4	2	17435	3712	0.20091360035154	0.38370490232676
WHIM1	2	2	17435	3712	0.0453189593336714	0.38370490232676
XPG_I	4	2	17435	3712	0.20091360035154	0.38370490232676
XPG_I_2	1	1	17435	3712	0.212905075996559	0.38370490232676
XPG_N	4	3	17435	3712	0.0324219788299938	0.38370490232676
Xpo1	4	2	17435	3712	0.20091360035154	0.38370490232676
XRCC1_N	1	1	17435	3712	0.212905075996559	0.38370490232676
YAF2_RYBP	1	1	17435	3712	0.212905075996559	0.38370490232676
YjeF_N	1	1	17435	3712	0.212905075996559	0.38370490232676
zf-C2H2_3	2	2	17435	3712	0.0453189593336714	0.38370490232676
zf-C2H2_jaz	13	6	17435	3712	0.0398587303514757	0.38370490232676
zf-C3Hc3H	2	2	17435	3712	0.0453189593336714	0.38370490232676
zf-C3HC4_2	10	5	17435	3712	0.0420467943568972	0.38370490232676
zf-C4_Topoisom	1	1	17435	3712	0.212905075996559	0.38370490232676
zf-C4pol	2	2	17435	3712	0.0453189593336714	0.38370490232676
zf-CCCH	9	4	17435	3712	0.103595854525061	0.38370490232676
zf-DBF	1	1	17435	3712	0.212905075996559	0.38370490232676
zf-Di19	6	3	17435	3712	0.115334403235044	0.38370490232676
zf-DNA_Pol	1	1	17435	3712	0.212905075996559	0.38370490232676
zf-FCS	1	1	17435	3712	0.212905075996559	0.38370490232676
zf-GRF	1	1	17435	3712	0.212905075996559	0.38370490232676
zf-H2C2_2	1	1	17435	3712	0.212905075996559	0.38370490232676
zf-H2C2_5	3	2	17435	3712	0.116667789590767	0.38370490232676
zf-HC5HC2H	4	2	17435	3712	0.20091360035154	0.38370490232676
zf-HIT	5	3	17435	3712	0.0682835998411198	0.38370490232676
zf-LYAR	1	1	17435	3712	0.212905075996559	0.38370490232676
zf-nanos	2	2	17435	3712	0.0453189593336714	0.38370490232676
zf-Nse	1	1	17435	3712	0.212905075996559	0.38370490232676
zf-PARP	1	1	17435	3712	0.212905075996559	0.38370490232676
zf-primase	2	2	17435	3712	0.0453189593336714	0.38370490232676
zf-RanBP	9	4	17435	3712	0.103595854525061	0.38370490232676
zf-RING_10	1	1	17435	3712	0.212905075996559	0.38370490232676
zf-RING_2	31	11	17435	3712	0.0491668807403973	0.38370490232676
zf-RING_5	1	1	17435	3712	0.212905075996559	0.38370490232676
zf-RING-like	2	2	17435	3712	0.0453189593336714	0.38370490232676
zf-RRN7	1	1	17435	3712	0.212905075996559	0.38370490232676
zf-SAP30	1	1	17435	3712	0.212905075996559	0.38370490232676
zf-SNAP50_C	1	1	17435	3712	0.212905075996559	0.38370490232676
zf-TAZ	1	1	17435	3712	0.212905075996559	0.38370490232676
zf-tcix	1	1	17435	3712	0.212905075996559	0.38370490232676
zf-TRM13_CCCH	1	1	17435	3712	0.212905075996559	0.38370490232676
zf-UBR	5	3	17435	3712	0.0682835998411198	0.38370490232676
zf-ZPR1	1	1	17435	3712	0.212905075996559	0.38370490232676
Zn_ribbon_SprT	1	1	17435	3712	0.212905075996559	0.38370490232676
ZZ	11	4	17435	3712	0.190772905545237	0.38370490232676
5_nucleotid_C	8	3	17435	3712	0.232118537786848	0.416008001611318
GRAM	8	3	17435	3712	0.232118537786848	0.416008001611318
MCM_OB	8	3	17435	3712	0.232118537786848	0.416008001611318
NHL	8	3	17435	3712	0.232118537786848	0.416008001611318
Ribosomal_60s	8	3	17435	3712	0.232118537786848	0.416008001611318
ANAPC3	5	2	17435	3712	0.289333600691822	0.510607328135567
BAH	5	2	17435	3712	0.289333600691822	0.510607328135567
CDP-OH_P_transf	5	2	17435	3712	0.289333600691822	0.510607328135567
Folate_carrier	5	2	17435	3712	0.289333600691822	0.510607328135567
MA3	5	2	17435	3712	0.289333600691822	0.510607328135567
NDK	5	2	17435	3712	0.289333600691822	0.510607328135567
OTU	5	2	17435	3712	0.289333600691822	0.510607328135567
Peptidase_M19	5	2	17435	3712	0.289333600691822	0.510607328135567
PH	47	12	17435	3712	0.288848418195666	0.510607328135567
RHD_DNA_bind	5	2	17435	3712	0.289333600691822	0.510607328135567
Spc97_Spc98	5	2	17435	3712	0.289333600691822	0.510607328135567
Sterol-sensing	5	2	17435	3712	0.289333600691822	0.510607328135567
WH2	5	2	17435	3712	0.289333600691822	0.510607328135567
zf-HC5HC2H_2	5	2	17435	3712	0.289333600691822	0.510607328135567
RCC1	13	4	17435	3712	0.293140771670487	0.516760726453001
MCM	9	3	17435	3712	0.296379879417741	0.520196676279452
PAS	9	3	17435	3712	0.296379879417741	0.520196676279452
SAM_2	9	3	17435	3712	0.296379879417741	0.520196676279452
SOCS_box	9	3	17435	3712	0.296379879417741	0.520196676279452
AAA_22	2	1	17435	3712	0.380491192659446	0.535076106154914
AAA_25	2	1	17435	3712	0.380491192659446	0.535076106154914
AAA_5	10	3	17435	3712	0.361416158609415	0.535076106154914
Abhydrolase_3	2	1	17435	3712	0.380491192659446	0.535076106154914
ADK_lid	2	1	17435	3712	0.380491192659446	0.535076106154914
AdoHcyase	2	1	17435	3712	0.380491192659446	0.535076106154914
AdoHcyase_NAD	2	1	17435	3712	0.380491192659446	0.535076106154914
Agenet	2	1	17435	3712	0.380491192659446	0.535076106154914
Alba	2	1	17435	3712	0.380491192659446	0.535076106154914
Aldose_epim	2	1	17435	3712	0.380491192659446	0.535076106154914
AMP_N	2	1	17435	3712	0.380491192659446	0.535076106154914
Atg14	2	1	17435	3712	0.380491192659446	0.535076106154914
Biotin_lipoyl	6	2	17435	3712	0.37633319942021	0.535076106154914
BK_channel_a	2	1	17435	3712	0.380491192659446	0.535076106154914
Bromo_TP	2	1	17435	3712	0.380491192659446	0.535076106154914
BTK	2	1	17435	3712	0.380491192659446	0.535076106154914
c-SKI_SMAD_bind	2	1	17435	3712	0.380491192659446	0.535076106154914
C1_1	23	6	17435	3712	0.362740960321012	0.535076106154914
Carboxyl_trans	2	1	17435	3712	0.380491192659446	0.535076106154914
Cation_efflux	6	2	17435	3712	0.37633319942021	0.535076106154914
CEBP_ZZ	2	1	17435	3712	0.380491192659446	0.535076106154914
Choline_kinase	2	1	17435	3712	0.380491192659446	0.535076106154914
CKS	2	1	17435	3712	0.380491192659446	0.535076106154914
CLP1_P	2	1	17435	3712	0.380491192659446	0.535076106154914
CNH	6	2	17435	3712	0.37633319942021	0.535076106154914
Comm	2	1	17435	3712	0.380491192659446	0.535076106154914
COX7a	2	1	17435	3712	0.380491192659446	0.535076106154914
Cpn10	2	1	17435	3712	0.380491192659446	0.535076106154914
Cpn60_TCP1	10	3	17435	3712	0.361416158609415	0.535076106154914
Cse1	2	1	17435	3712	0.380491192659446	0.535076106154914
CTNNB1_binding	2	1	17435	3712	0.380491192659446	0.535076106154914
Cupin_8	6	2	17435	3712	0.37633319942021	0.535076106154914
CwfJ_C_1	2	1	17435	3712	0.380491192659446	0.535076106154914
CwfJ_C_2	2	1	17435	3712	0.380491192659446	0.535076106154914
Cyclin_C_2	2	1	17435	3712	0.380491192659446	0.535076106154914
Dak1	2	1	17435	3712	0.380491192659446	0.535076106154914
DBC1	2	1	17435	3712	0.380491192659446	0.535076106154914
DBINO	2	1	17435	3712	0.380491192659446	0.535076106154914
DCX	2	1	17435	3712	0.380491192659446	0.535076106154914
DHO_dh	2	1	17435	3712	0.380491192659446	0.535076106154914
Dicer_dimer	2	1	17435	3712	0.380491192659446	0.535076106154914
DIL	2	1	17435	3712	0.380491192659446	0.535076106154914
Diphthami_syn_2	2	1	17435	3712	0.380491192659446	0.535076106154914
Diphthamide_syn	2	1	17435	3712	0.380491192659446	0.535076106154914
DIX	2	1	17435	3712	0.380491192659446	0.535076106154914
DNA_pol3_delta2	2	1	17435	3712	0.380491192659446	0.535076106154914
DOCK_N	2	1	17435	3712	0.380491192659446	0.535076106154914
DRMBL	2	1	17435	3712	0.380491192659446	0.535076106154914
DRY_EERY	2	1	17435	3712	0.380491192659446	0.535076106154914
DSHCT	2	1	17435	3712	0.380491192659446	0.535076106154914
DSL	2	1	17435	3712	0.380491192659446	0.535076106154914
DTW	2	1	17435	3712	0.380491192659446	0.535076106154914
DUF1394	2	1	17435	3712	0.380491192659446	0.535076106154914
DUF2151	2	1	17435	3712	0.380491192659446	0.535076106154914
DUF3591	2	1	17435	3712	0.380491192659446	0.535076106154914
DUF389	2	1	17435	3712	0.380491192659446	0.535076106154914
DUF4802	2	1	17435	3712	0.380491192659446	0.535076106154914
DUF4808	2	1	17435	3712	0.380491192659446	0.535076106154914
DUF572	2	1	17435	3712	0.380491192659446	0.535076106154914
DUF667	2	1	17435	3712	0.380491192659446	0.535076106154914
DUF814	2	1	17435	3712	0.380491192659446	0.535076106154914
DUF971	2	1	17435	3712	0.380491192659446	0.535076106154914
EB1	2	1	17435	3712	0.380491192659446	0.535076106154914
ECR1_N	2	1	17435	3712	0.380491192659446	0.535076106154914
eIF-5a	2	1	17435	3712	0.380491192659446	0.535076106154914
ELMO_CED12	2	1	17435	3712	0.380491192659446	0.535076106154914
ENTH	2	1	17435	3712	0.380491192659446	0.535076106154914
FAD_binding_3	2	1	17435	3712	0.380491192659446	0.535076106154914
Filament	2	1	17435	3712	0.380491192659446	0.535076106154914
Frtz	2	1	17435	3712	0.380491192659446	0.535076106154914
G-alpha	6	2	17435	3712	0.37633319942021	0.535076106154914
GAIN	2	1	17435	3712	0.380491192659446	0.535076106154914
GARS_A	2	1	17435	3712	0.380491192659446	0.535076106154914
GARS_N	2	1	17435	3712	0.380491192659446	0.535076106154914
GD_N	6	2	17435	3712	0.37633319942021	0.535076106154914
GIY-YIG	2	1	17435	3712	0.380491192659446	0.535076106154914
GKAP	2	1	17435	3712	0.380491192659446	0.535076106154914
Glucosamine_iso	2	1	17435	3712	0.380491192659446	0.535076106154914
Glyco_transf_90	2	1	17435	3712	0.380491192659446	0.535076106154914
GMP_PDE_delta	2	1	17435	3712	0.380491192659446	0.535076106154914
GoLoco	2	1	17435	3712	0.380491192659446	0.535076106154914
GPS	2	1	17435	3712	0.380491192659446	0.535076106154914
GYF	2	1	17435	3712	0.380491192659446	0.535076106154914
HBB	2	1	17435	3712	0.380491192659446	0.535076106154914
Hep_59	2	1	17435	3712	0.380491192659446	0.535076106154914
Herpes_alk_exo	6	2	17435	3712	0.37633319942021	0.535076106154914
Homeobox_KN	6	2	17435	3712	0.37633319942021	0.535076106154914
Hormone_recep	19	5	17435	3712	0.380172329632102	0.535076106154914
HSA	2	1	17435	3712	0.380491192659446	0.535076106154914
HTH_9	2	1	17435	3712	0.380491192659446	0.535076106154914
Hydrolase_3	2	1	17435	3712	0.380491192659446	0.535076106154914
IF-2	2	1	17435	3712	0.380491192659446	0.535076106154914
IF4E	2	1	17435	3712	0.380491192659446	0.535076106154914
IMD	2	1	17435	3712	0.380491192659446	0.535076106154914
Ipi1_N	2	1	17435	3712	0.380491192659446	0.535076106154914
Kringle	2	1	17435	3712	0.380491192659446	0.535076106154914
KTI12	2	1	17435	3712	0.380491192659446	0.535076106154914
Lactamase_B_2	2	1	17435	3712	0.380491192659446	0.535076106154914
LIN37	2	1	17435	3712	0.380491192659446	0.535076106154914
LRRCT	2	1	17435	3712	0.380491192659446	0.535076106154914
LSM	19	5	17435	3712	0.380172329632102	0.535076106154914
LTV	2	1	17435	3712	0.380491192659446	0.535076106154914
Mad3_BUB1_I	2	1	17435	3712	0.380491192659446	0.535076106154914
Maelstrom	2	1	17435	3712	0.380491192659446	0.535076106154914
MCM_N	6	2	17435	3712	0.37633319942021	0.535076106154914
Med15	2	1	17435	3712	0.380491192659446	0.535076106154914
Meis_PKNOX_N	2	1	17435	3712	0.380491192659446	0.535076106154914
Methyltransf_11	6	2	17435	3712	0.37633319942021	0.535076106154914
Methyltransf_32	6	2	17435	3712	0.37633319942021	0.535076106154914
MGS	2	1	17435	3712	0.380491192659446	0.535076106154914
MMR_HSR1_Xtn	2	1	17435	3712	0.380491192659446	0.535076106154914
MRG	2	1	17435	3712	0.380491192659446	0.535076106154914
Mtc	2	1	17435	3712	0.380491192659446	0.535076106154914
Myb_Cef	2	1	17435	3712	0.380491192659446	0.535076106154914
Ndc1_Nup	2	1	17435	3712	0.380491192659446	0.535076106154914
Nexin_C	2	1	17435	3712	0.380491192659446	0.535076106154914
NIBRIN_BRCT_II	2	1	17435	3712	0.380491192659446	0.535076106154914
Nop53	2	1	17435	3712	0.380491192659446	0.535076106154914
NPC1_N	2	1	17435	3712	0.380491192659446	0.535076106154914
Nup84_Nup100	2	1	17435	3712	0.380491192659446	0.535076106154914
O-FucT	2	1	17435	3712	0.380491192659446	0.535076106154914
OATP	6	2	17435	3712	0.37633319942021	0.535076106154914
ORC5_C	2	1	17435	3712	0.380491192659446	0.535076106154914
OST-HTH	2	1	17435	3712	0.380491192659446	0.535076106154914
OxoGdeHyase_C	2	1	17435	3712	0.380491192659446	0.535076106154914
P53	2	1	17435	3712	0.380491192659446	0.535076106154914
PABP	2	1	17435	3712	0.380491192659446	0.535076106154914
ParcG	2	1	17435	3712	0.380491192659446	0.535076106154914
PARG_cat	2	1	17435	3712	0.380491192659446	0.535076106154914
Peptidase_M22	2	1	17435	3712	0.380491192659446	0.535076106154914
PHD_4	2	1	17435	3712	0.380491192659446	0.535076106154914
PIF1	2	1	17435	3712	0.380491192659446	0.535076106154914
PINIT	2	1	17435	3712	0.380491192659446	0.535076106154914
PIP49_C	2	1	17435	3712	0.380491192659446	0.535076106154914
Polyketide_cyc	2	1	17435	3712	0.380491192659446	0.535076106154914
PPR_3	2	1	17435	3712	0.380491192659446	0.535076106154914
PQQ_2	2	1	17435	3712	0.380491192659446	0.535076106154914
Pribosyltran	2	1	17435	3712	0.380491192659446	0.535076106154914
PRMT5_TIM	2	1	17435	3712	0.380491192659446	0.535076106154914
Promethin	2	1	17435	3712	0.380491192659446	0.535076106154914
PRP4	6	2	17435	3712	0.37633319942021	0.535076106154914
PseudoU_synth_2	2	1	17435	3712	0.380491192659446	0.535076106154914
PSP	2	1	17435	3712	0.380491192659446	0.535076106154914
Rad21_Rec8_N	2	1	17435	3712	0.380491192659446	0.535076106154914
Rad50_zn_hook	2	1	17435	3712	0.380491192659446	0.535076106154914
Rad60-SLD	2	1	17435	3712	0.380491192659446	0.535076106154914
RAP	2	1	17435	3712	0.380491192659446	0.535076106154914
Requiem_N	2	1	17435	3712	0.380491192659446	0.535076106154914
RHD_dimer	6	2	17435	3712	0.37633319942021	0.535076106154914
Ribosom_S12_S23	2	1	17435	3712	0.380491192659446	0.535076106154914
Ribosomal_L11	2	1	17435	3712	0.380491192659446	0.535076106154914
Ribosomal_L11_N	2	1	17435	3712	0.380491192659446	0.535076106154914
Ribosomal_L14	2	1	17435	3712	0.380491192659446	0.535076106154914
Ribosomal_L2	2	1	17435	3712	0.380491192659446	0.535076106154914
Ribosomal_L2_C	2	1	17435	3712	0.380491192659446	0.535076106154914
Ribosomal_L24e	2	1	17435	3712	0.380491192659446	0.535076106154914
Ribosomal_L27A	2	1	17435	3712	0.380491192659446	0.535076106154914
Ribosomal_L36e	2	1	17435	3712	0.380491192659446	0.535076106154914
Ribosomal_L4	2	1	17435	3712	0.380491192659446	0.535076106154914
Ribosomal_S11	2	1	17435	3712	0.380491192659446	0.535076106154914
Ribosomal_S15	2	1	17435	3712	0.380491192659446	0.535076106154914
Ribosomal_S17e	2	1	17435	3712	0.380491192659446	0.535076106154914
Ribosomal_S2	2	1	17435	3712	0.380491192659446	0.535076106154914
Ribosomal_S3Ae	2	1	17435	3712	0.380491192659446	0.535076106154914
Ribosomal_S5	2	1	17435	3712	0.380491192659446	0.535076106154914
Ribosomal_S5_C	2	1	17435	3712	0.380491192659446	0.535076106154914
Ribosomal_S7	2	1	17435	3712	0.380491192659446	0.535076106154914
Ribosomal_S9	2	1	17435	3712	0.380491192659446	0.535076106154914
RNA_pol_A_bac	2	1	17435	3712	0.380491192659446	0.535076106154914
RNA_pol_L	2	1	17435	3712	0.380491192659446	0.535076106154914
RNA_pol_Rpb2_4	2	1	17435	3712	0.380491192659446	0.535076106154914
RNA_pol_Rpb2_5	2	1	17435	3712	0.380491192659446	0.535076106154914
RNA_pol_Rpb4	2	1	17435	3712	0.380491192659446	0.535076106154914
RNA_pol_Rpc82	2	1	17435	3712	0.380491192659446	0.535076106154914
RNase_P_Rpp14	2	1	17435	3712	0.380491192659446	0.535076106154914
RNB	2	1	17435	3712	0.380491192659446	0.535076106154914
RPEL	2	1	17435	3712	0.380491192659446	0.535076106154914
RRM_7	2	1	17435	3712	0.380491192659446	0.535076106154914
rRNA_proc-arch	2	1	17435	3712	0.380491192659446	0.535076106154914
RTC	2	1	17435	3712	0.380491192659446	0.535076106154914
RTC_insert	2	1	17435	3712	0.380491192659446	0.535076106154914
Rtt106	2	1	17435	3712	0.380491192659446	0.535076106154914
S1-like	2	1	17435	3712	0.380491192659446	0.535076106154914
SBF2	2	1	17435	3712	0.380491192659446	0.535076106154914
Sds3	2	1	17435	3712	0.380491192659446	0.535076106154914
SH3_1	27	7	17435	3712	0.347385721840301	0.535076106154914
SHS2_Rpb7-N	2	1	17435	3712	0.380491192659446	0.535076106154914
SLC3A2_N	2	1	17435	3712	0.380491192659446	0.535076106154914
Spermine_synt_N	2	1	17435	3712	0.380491192659446	0.535076106154914
STPPase_N	2	1	17435	3712	0.380491192659446	0.535076106154914
Sulfate_transp	10	3	17435	3712	0.361416158609415	0.535076106154914
SWIB	2	1	17435	3712	0.380491192659446	0.535076106154914
SWIM	6	2	17435	3712	0.37633319942021	0.535076106154914
SWIRM	2	1	17435	3712	0.380491192659446	0.535076106154914
TAF8_C	2	1	17435	3712	0.380491192659446	0.535076106154914
TAFH	2	1	17435	3712	0.380491192659446	0.535076106154914
TAP_C	2	1	17435	3712	0.380491192659446	0.535076106154914
TauD	2	1	17435	3712	0.380491192659446	0.535076106154914
TBP-binding	2	1	17435	3712	0.380491192659446	0.535076106154914
Tcp10_C	2	1	17435	3712	0.380491192659446	0.535076106154914
TCR	2	1	17435	3712	0.380491192659446	0.535076106154914
TFIID_NTD2	2	1	17435	3712	0.380491192659446	0.535076106154914
THEG	2	1	17435	3712	0.380491192659446	0.535076106154914
TIMELESS	2	1	17435	3712	0.380491192659446	0.535076106154914
TIP49	2	1	17435	3712	0.380491192659446	0.535076106154914
TLE_N	2	1	17435	3712	0.380491192659446	0.535076106154914
TORC_N	2	1	17435	3712	0.380491192659446	0.535076106154914
tRNA-synt_1	6	2	17435	3712	0.37633319942021	0.535076106154914
tRNA-synt_1c_C	2	1	17435	3712	0.380491192659446	0.535076106154914
TruB_N	2	1	17435	3712	0.380491192659446	0.535076106154914
Tubulin_C	14	4	17435	3712	0.346784862693879	0.535076106154914
U-box	6	2	17435	3712	0.37633319942021	0.535076106154914
UBA_4	6	2	17435	3712	0.37633319942021	0.535076106154914
UbiA	2	1	17435	3712	0.380491192659446	0.535076106154914
UME	2	1	17435	3712	0.380491192659446	0.535076106154914
UPA	2	1	17435	3712	0.380491192659446	0.535076106154914
UPF0004	2	1	17435	3712	0.380491192659446	0.535076106154914
UPRTase	2	1	17435	3712	0.380491192659446	0.535076106154914
USP8_dimer	2	1	17435	3712	0.380491192659446	0.535076106154914
VKG_Carbox	2	1	17435	3712	0.380491192659446	0.535076106154914
Vps54_N	2	1	17435	3712	0.380491192659446	0.535076106154914
WSD	2	1	17435	3712	0.380491192659446	0.535076106154914
XRN_N	2	1	17435	3712	0.380491192659446	0.535076106154914
YEATS	2	1	17435	3712	0.380491192659446	0.535076106154914
zf-CCCH_3	2	1	17435	3712	0.380491192659446	0.535076106154914
zf-CCHC_2	2	1	17435	3712	0.380491192659446	0.535076106154914
zf-CCHC_3	2	1	17435	3712	0.380491192659446	0.535076106154914
zf-CSL	2	1	17435	3712	0.380491192659446	0.535076106154914
TPR_8	24	6	17435	3712	0.404896478090367	0.568900713553799
AA_permease_2	11	3	17435	3712	0.425407378508482	0.595644185359533
Alk_phosphatase	11	3	17435	3712	0.425407378508482	0.595644185359533
Ank_5	11	3	17435	3712	0.425407378508482	0.595644185359533
Pyridoxal_deC	11	3	17435	3712	0.425407378508482	0.595644185359533
WW	20	5	17435	3712	0.426941588668068	0.597273879030003
Anticodon_1	7	2	17435	3712	0.458509858663179	0.633198974335366
Arm	7	2	17435	3712	0.458509858663179	0.633198974335366
CTD_bind	7	2	17435	3712	0.458509858663179	0.633198974335366
DDE_3	7	2	17435	3712	0.458509858663179	0.633198974335366
DNA_pol_A_exo1	7	2	17435	3712	0.458509858663179	0.633198974335366
FGGY_C	7	2	17435	3712	0.458509858663179	0.633198974335366
FGGY_N	7	2	17435	3712	0.458509858663179	0.633198974335366
FH2	7	2	17435	3712	0.458509858663179	0.633198974335366
Galactosyl_T	7	2	17435	3712	0.458509858663179	0.633198974335366
GATA	7	2	17435	3712	0.458509858663179	0.633198974335366
GTP_EFTU_D3	7	2	17435	3712	0.458509858663179	0.633198974335366
IBR	7	2	17435	3712	0.458509858663179	0.633198974335366
Myotub-related	7	2	17435	3712	0.458509858663179	0.633198974335366
Peptidase_C48	7	2	17435	3712	0.458509858663179	0.633198974335366
TPR_19	7	2	17435	3712	0.458509858663179	0.633198974335366
zf-C4	21	5	17435	3712	0.472958887179769	0.652594255792102
2-oxoacid_dh	3	1	17435	3712	0.512402894193785	0.65388122494824
2OG-FeII_Oxy	3	1	17435	3712	0.512402894193785	0.65388122494824
3HCDH	3	1	17435	3712	0.512402894193785	0.65388122494824
3HCDH_N	3	1	17435	3712	0.512402894193785	0.65388122494824
ABC_tran_Xtn	3	1	17435	3712	0.512402894193785	0.65388122494824
ABC1	3	1	17435	3712	0.512402894193785	0.65388122494824
Acyl_transf_1	3	1	17435	3712	0.512402894193785	0.65388122494824
ArgoL1	3	1	17435	3712	0.512402894193785	0.65388122494824
Arm_3	3	1	17435	3712	0.512402894193785	0.65388122494824
B56	3	1	17435	3712	0.512402894193785	0.65388122494824
Biotin_carb_C	3	1	17435	3712	0.512402894193785	0.65388122494824
Biotin_carb_N	3	1	17435	3712	0.512402894193785	0.65388122494824
BPL_LplA_LipB	3	1	17435	3712	0.512402894193785	0.65388122494824
bZIP_Maf	3	1	17435	3712	0.512402894193785	0.65388122494824
Cadherin_C	3	1	17435	3712	0.512402894193785	0.65388122494824
CAF1	3	1	17435	3712	0.512402894193785	0.65388122494824
CBM_21	3	1	17435	3712	0.512402894193785	0.65388122494824
Cir_N	3	1	17435	3712	0.512402894193785	0.65388122494824
Cullin_binding	3	1	17435	3712	0.512402894193785	0.65388122494824
dsrm	12	3	17435	3712	0.486970199840952	0.65388122494824
DUF1053	3	1	17435	3712	0.512402894193785	0.65388122494824
Evr1_Alr	3	1	17435	3712	0.512402894193785	0.65388122494824
Exostosin	3	1	17435	3712	0.512402894193785	0.65388122494824
FAD_binding_6	3	1	17435	3712	0.512402894193785	0.65388122494824
FAD_binding_8	3	1	17435	3712	0.512402894193785	0.65388122494824
Furin-like	3	1	17435	3712	0.512402894193785	0.65388122494824
FYRC	3	1	17435	3712	0.512402894193785	0.65388122494824
FYRN	3	1	17435	3712	0.512402894193785	0.65388122494824
G-patch	17	4	17435	3712	0.504633076844373	0.65388122494824
Gal_Lectin	3	1	17435	3712	0.512402894193785	0.65388122494824
Glyco_transf_49	3	1	17435	3712	0.512402894193785	0.65388122494824
Glyco_transf_64	3	1	17435	3712	0.512402894193785	0.65388122494824
Grp7_allergen	3	1	17435	3712	0.512402894193785	0.65388122494824
GTP1_OBG	3	1	17435	3712	0.512402894193785	0.65388122494824
GWT1	3	1	17435	3712	0.512402894193785	0.65388122494824
HEAT_2	3	1	17435	3712	0.512402894193785	0.65388122494824
HhH-GPD	3	1	17435	3712	0.512402894193785	0.65388122494824
HMG_box_2	3	1	17435	3712	0.512402894193785	0.65388122494824
IBB	3	1	17435	3712	0.512402894193785	0.65388122494824
ING	3	1	17435	3712	0.512402894193785	0.65388122494824
KIAA1430	3	1	17435	3712	0.512402894193785	0.65388122494824
Kinesin_assoc	3	1	17435	3712	0.512402894193785	0.65388122494824
LRR_9	12	3	17435	3712	0.486970199840952	0.65388122494824
Mab-21	3	1	17435	3712	0.512402894193785	0.65388122494824
Methyltransf_31	3	1	17435	3712	0.512402894193785	0.65388122494824
MT-A70	3	1	17435	3712	0.512402894193785	0.65388122494824
Myb_DNA-bind_7	3	1	17435	3712	0.512402894193785	0.65388122494824
NAD_binding_6	3	1	17435	3712	0.512402894193785	0.65388122494824
NTP_transf_2	3	1	17435	3712	0.512402894193785	0.65388122494824
P_proprotein	3	1	17435	3712	0.512402894193785	0.65388122494824
PDZ_2	3	1	17435	3712	0.512402894193785	0.65388122494824
Peptidase_C78	3	1	17435	3712	0.512402894193785	0.65388122494824
Peptidase_M16_M	3	1	17435	3712	0.512402894193785	0.65388122494824
PHD_2	3	1	17435	3712	0.512402894193785	0.65388122494824
PP2C	12	3	17435	3712	0.486970199840952	0.65388122494824
PPTA	3	1	17435	3712	0.512402894193785	0.65388122494824
PTH2	3	1	17435	3712	0.512402894193785	0.65388122494824
PUA	3	1	17435	3712	0.512402894193785	0.65388122494824
PWI	3	1	17435	3712	0.512402894193785	0.65388122494824
PXA	3	1	17435	3712	0.512402894193785	0.65388122494824
RBD	3	1	17435	3712	0.512402894193785	0.65388122494824
Recep_L_domain	3	1	17435	3712	0.512402894193785	0.65388122494824
Ribonuclease_3	3	1	17435	3712	0.512402894193785	0.65388122494824
Ribosomal_L13	3	1	17435	3712	0.512402894193785	0.65388122494824
Ribosomal_L16	3	1	17435	3712	0.512402894193785	0.65388122494824
RNA_pol_Rpb1_1	3	1	17435	3712	0.512402894193785	0.65388122494824
RNA_pol_Rpb1_2	3	1	17435	3712	0.512402894193785	0.65388122494824
RNA_pol_Rpb1_3	3	1	17435	3712	0.512402894193785	0.65388122494824
RNA_pol_Rpb1_4	3	1	17435	3712	0.512402894193785	0.65388122494824
RNA_pol_Rpb1_5	3	1	17435	3712	0.512402894193785	0.65388122494824
RNF220	3	1	17435	3712	0.512402894193785	0.65388122494824
S-methyl_trans	3	1	17435	3712	0.512402894193785	0.65388122494824
Sad1_UNC	3	1	17435	3712	0.512402894193785	0.65388122494824
Sas10_Utp3	3	1	17435	3712	0.512402894193785	0.65388122494824
Sina	3	1	17435	3712	0.512402894193785	0.65388122494824
Ski_Sno	3	1	17435	3712	0.512402894193785	0.65388122494824
SMN	3	1	17435	3712	0.512402894193785	0.65388122494824
Spermine_synth	3	1	17435	3712	0.512402894193785	0.65388122494824
Str_synth	3	1	17435	3712	0.512402894193785	0.65388122494824
TBP	3	1	17435	3712	0.512402894193785	0.65388122494824
TPH	3	1	17435	3712	0.512402894193785	0.65388122494824
TRAM_LAG1_CLN8	3	1	17435	3712	0.512402894193785	0.65388122494824
tRNA-synt_1c	3	1	17435	3712	0.512402894193785	0.65388122494824
tRNA-synt_1g	3	1	17435	3712	0.512402894193785	0.65388122494824
tRNA-synt_2c	3	1	17435	3712	0.512402894193785	0.65388122494824
Tub	3	1	17435	3712	0.512402894193785	0.65388122494824
UBA	12	3	17435	3712	0.486970199840952	0.65388122494824
V_ATPase_I	3	1	17435	3712	0.512402894193785	0.65388122494824
XTBD	3	1	17435	3712	0.512402894193785	0.65388122494824
zf-A20	3	1	17435	3712	0.512402894193785	0.65388122494824
zf-C2HC	3	1	17435	3712	0.512402894193785	0.65388122494824
zf-CCHH	3	1	17435	3712	0.512402894193785	0.65388122494824
zf-CXXC	3	1	17435	3712	0.512402894193785	0.65388122494824
zf-MIZ	3	1	17435	3712	0.512402894193785	0.65388122494824
Zwilch	3	1	17435	3712	0.512402894193785	0.65388122494824
Amino_oxidase	8	2	17435	3712	0.533973632288622	0.674999583762969
CENP-B_N	8	2	17435	3712	0.533973632288622	0.674999583762969
EF-hand_1	8	2	17435	3712	0.533973632288622	0.674999583762969
FKBP_C	8	2	17435	3712	0.533973632288622	0.674999583762969
JmjC	8	2	17435	3712	0.533973632288622	0.674999583762969
Ldl_recept_b	8	2	17435	3712	0.533973632288622	0.674999583762969
PAS_11	8	2	17435	3712	0.533973632288622	0.674999583762969
Pyr_redox_2	8	2	17435	3712	0.533973632288622	0.674999583762969
RasGEF_N	8	2	17435	3712	0.533973632288622	0.674999583762969
Rhodanese	8	2	17435	3712	0.533973632288622	0.674999583762969
STAS	8	2	17435	3712	0.533973632288622	0.674999583762969
zf-UBP	8	2	17435	3712	0.533973632288622	0.674999583762969
Actin	18	4	17435	3712	0.553595386898833	0.698708418675913
PX	18	4	17435	3712	0.553595386898833	0.698708418675913
AC_N	4	1	17435	3712	0.616232658807867	0.745114901542046
ACOX	4	1	17435	3712	0.616232658807867	0.745114901542046
ADH_zinc_N_2	4	1	17435	3712	0.616232658807867	0.745114901542046
Ammonium_transp	4	1	17435	3712	0.616232658807867	0.745114901542046
ArfGap	9	2	17435	3712	0.601857561680302	0.745114901542046
Asparaginase_2	4	1	17435	3712	0.616232658807867	0.745114901542046
BAR	4	1	17435	3712	0.616232658807867	0.745114901542046
BIR	4	1	17435	3712	0.616232658807867	0.745114901542046
BSD	4	1	17435	3712	0.616232658807867	0.745114901542046
CLASP_N	4	1	17435	3712	0.616232658807867	0.745114901542046
CRAL_TRIO_2	4	1	17435	3712	0.616232658807867	0.745114901542046
DHR-2	4	1	17435	3712	0.616232658807867	0.745114901542046
DNA_photolyase	4	1	17435	3712	0.616232658807867	0.745114901542046
DOCK-C2	4	1	17435	3712	0.616232658807867	0.745114901542046
Drf_GBD	4	1	17435	3712	0.616232658807867	0.745114901542046
eIF2A	4	1	17435	3712	0.616232658807867	0.745114901542046
FAD_binding_7	4	1	17435	3712	0.616232658807867	0.745114901542046
Ferric_reduct	4	1	17435	3712	0.616232658807867	0.745114901542046
GAF	4	1	17435	3712	0.616232658807867	0.745114901542046
Glyco_transf_43	4	1	17435	3712	0.616232658807867	0.745114901542046
Glycos_transf_1	4	1	17435	3712	0.616232658807867	0.745114901542046
GST_N	9	2	17435	3712	0.601857561680302	0.745114901542046
Hydrolase_4	4	1	17435	3712	0.616232658807867	0.745114901542046
IPK	4	1	17435	3712	0.616232658807867	0.745114901542046
Kelch_3	4	1	17435	3712	0.616232658807867	0.745114901542046
KOW	4	1	17435	3712	0.616232658807867	0.745114901542046
L51_S25_CI-B8	4	1	17435	3712	0.616232658807867	0.745114901542046
LisH	4	1	17435	3712	0.616232658807867	0.745114901542046
MBD	4	1	17435	3712	0.616232658807867	0.745114901542046
MH1	4	1	17435	3712	0.616232658807867	0.745114901542046
MH2	4	1	17435	3712	0.616232658807867	0.745114901542046
Mob1_phocein	4	1	17435	3712	0.616232658807867	0.745114901542046
Myb_DNA-bind_4	9	2	17435	3712	0.601857561680302	0.745114901542046
Na_K-ATPase	4	1	17435	3712	0.616232658807867	0.745114901542046
NAP	4	1	17435	3712	0.616232658807867	0.745114901542046
Neuralized	4	1	17435	3712	0.616232658807867	0.745114901542046
Nuc_sug_transp	4	1	17435	3712	0.616232658807867	0.745114901542046
PALP	4	1	17435	3712	0.616232658807867	0.745114901542046
PDEase_I	9	2	17435	3712	0.601857561680302	0.745114901542046
PI-PLC-Y	4	1	17435	3712	0.616232658807867	0.745114901542046
Prefoldin	4	1	17435	3712	0.616232658807867	0.745114901542046
Propep_M14	19	4	17435	3712	0.599841535503294	0.745114901542046
Prp18	4	1	17435	3712	0.616232658807867	0.745114901542046
Ribonuc_L-PSP	4	1	17435	3712	0.616232658807867	0.745114901542046
S8_pro-domain	4	1	17435	3712	0.616232658807867	0.745114901542046
Sulfatase	9	2	17435	3712	0.601857561680302	0.745114901542046
Surp	4	1	17435	3712	0.616232658807867	0.745114901542046
Tektin	4	1	17435	3712	0.616232658807867	0.745114901542046
TGF_beta_GS	4	1	17435	3712	0.616232658807867	0.745114901542046
TGS	4	1	17435	3712	0.616232658807867	0.745114901542046
TPT	4	1	17435	3712	0.616232658807867	0.745114901542046
tRNA_SAD	4	1	17435	3712	0.616232658807867	0.745114901542046
tRNA-synt_2d	4	1	17435	3712	0.616232658807867	0.745114901542046
Vinculin	4	1	17435	3712	0.616232658807867	0.745114901542046
Vitellogenin_N	9	2	17435	3712	0.601857561680302	0.745114901542046
zf-C2HC_2	4	1	17435	3712	0.616232658807867	0.745114901542046
RabGAP-TBC	25	5	17435	3712	0.640499034601361	0.77329711288323
zf-C3HC4_3	25	5	17435	3712	0.640499034601361	0.77329711288323
E1-E2_ATPase	10	2	17435	3712	0.661967912448024	0.794460002067457
Exo_endo_phos	10	2	17435	3712	0.661967912448024	0.794460002067457
Fz	10	2	17435	3712	0.661967912448024	0.794460002067457
His_Phos_2	10	2	17435	3712	0.661967912448024	0.794460002067457
Hydrolase_6	10	2	17435	3712	0.661967912448024	0.794460002067457
Hydrolase_like	10	2	17435	3712	0.661967912448024	0.794460002067457
Kazal_2	10	2	17435	3712	0.661967912448024	0.794460002067457
NAD_binding_1	10	2	17435	3712	0.661967912448024	0.794460002067457
AA_permease_C	5	1	17435	3712	0.697957423336878	0.808768192415506
Aa_trans	21	4	17435	3712	0.683091848102061	0.808768192415506
ADK	5	1	17435	3712	0.697957423336878	0.808768192415506
AIRS_C	5	1	17435	3712	0.697957423336878	0.808768192415506
Alpha-mann_mid	5	1	17435	3712	0.697957423336878	0.808768192415506
Amidohydro_1	5	1	17435	3712	0.697957423336878	0.808768192415506
Ank_3	5	1	17435	3712	0.697957423336878	0.808768192415506
CBS	5	1	17435	3712	0.697957423336878	0.808768192415506
DENN	5	1	17435	3712	0.697957423336878	0.808768192415506
DUF4780	5	1	17435	3712	0.697957423336878	0.808768192415506
E1_dh	5	1	17435	3712	0.697957423336878	0.808768192415506
EB	5	1	17435	3712	0.697957423336878	0.808768192415506
FAD_binding_4	5	1	17435	3712	0.697957423336878	0.808768192415506
Glyco_hydro_38	5	1	17435	3712	0.697957423336878	0.808768192415506
Glyco_hydro_38C	5	1	17435	3712	0.697957423336878	0.808768192415506
GRIP	5	1	17435	3712	0.697957423336878	0.808768192415506
HATPase_c	5	1	17435	3712	0.697957423336878	0.808768192415506
Insulin	5	1	17435	3712	0.697957423336878	0.808768192415506
Lactamase_B	5	1	17435	3712	0.697957423336878	0.808768192415506
NIF	5	1	17435	3712	0.697957423336878	0.808768192415506
Orn_DAP_Arg_deC	5	1	17435	3712	0.697957423336878	0.808768192415506
PA	5	1	17435	3712	0.697957423336878	0.808768192415506
PAN_1	5	1	17435	3712	0.697957423336878	0.808768192415506
PAS_9	5	1	17435	3712	0.697957423336878	0.808768192415506
Patched	5	1	17435	3712	0.697957423336878	0.808768192415506
Peptidase_M16	5	1	17435	3712	0.697957423336878	0.808768192415506
Peptidase_M17	5	1	17435	3712	0.697957423336878	0.808768192415506
Peptidase_S10	5	1	17435	3712	0.697957423336878	0.808768192415506
Peptidase_S8	5	1	17435	3712	0.697957423336878	0.808768192415506
PI-PLC-X	5	1	17435	3712	0.697957423336878	0.808768192415506
Prefoldin_2	5	1	17435	3712	0.697957423336878	0.808768192415506
RA	16	3	17435	3712	0.693990557557425	0.808768192415506
Radical_SAM	5	1	17435	3712	0.697957423336878	0.808768192415506
RasGAP	5	1	17435	3712	0.697957423336878	0.808768192415506
Ribosomal_S10	5	1	17435	3712	0.697957423336878	0.808768192415506
S1	5	1	17435	3712	0.697957423336878	0.808768192415506
Sec1	5	1	17435	3712	0.697957423336878	0.808768192415506
Solute_trans_a	5	1	17435	3712	0.697957423336878	0.808768192415506
TFIIS_C	5	1	17435	3712	0.697957423336878	0.808768192415506
Thiolase_C	5	1	17435	3712	0.697957423336878	0.808768192415506
Thiolase_N	5	1	17435	3712	0.697957423336878	0.808768192415506
TLD	5	1	17435	3712	0.697957423336878	0.808768192415506
Transket_pyr	5	1	17435	3712	0.697957423336878	0.808768192415506
uDENN	5	1	17435	3712	0.697957423336878	0.808768192415506
VWA	5	1	17435	3712	0.697957423336878	0.808768192415506
WAP	5	1	17435	3712	0.697957423336878	0.808768192415506
zf-C2H2_2	5	1	17435	3712	0.697957423336878	0.808768192415506
ZU5	5	1	17435	3712	0.697957423336878	0.808768192415506
DHHC	11	2	17435	3712	0.714536919990144	0.825607487065976
ECH_1	11	2	17435	3712	0.714536919990144	0.825607487065976
RasGEF	11	2	17435	3712	0.714536919990144	0.825607487065976
TPR_1	11	2	17435	3712	0.714536919990144	0.825607487065976
NTF2	17	3	17435	3712	0.734567160567365	0.848143758049506
HTH_psq	28	5	17435	3712	0.741752056160998	0.855826943195772
Aminotran_1_2	12	2	17435	3712	0.760050264019983	0.861640713719623
Aminotran_5	6	1	17435	3712	0.762282268120212	0.861640713719623
Beach	6	1	17435	3712	0.762282268120212	0.861640713719623
DPPIV_N	6	1	17435	3712	0.762282268120212	0.861640713719623
Drf_FH3	6	1	17435	3712	0.762282268120212	0.861640713719623
FA	6	1	17435	3712	0.762282268120212	0.861640713719623
GCV_T	6	1	17435	3712	0.762282268120212	0.861640713719623
GCV_T_C	6	1	17435	3712	0.762282268120212	0.861640713719623
GILT	6	1	17435	3712	0.762282268120212	0.861640713719623
Hist_deacetyl	6	1	17435	3712	0.762282268120212	0.861640713719623
Hydrolase	6	1	17435	3712	0.762282268120212	0.861640713719623
Innexin	6	1	17435	3712	0.762282268120212	0.861640713719623
Kazal_1	6	1	17435	3712	0.762282268120212	0.861640713719623
Lipocalin	6	1	17435	3712	0.762282268120212	0.861640713719623
Lipocalin_2	6	1	17435	3712	0.762282268120212	0.861640713719623
MFS_1_like	6	1	17435	3712	0.762282268120212	0.861640713719623
MIT	6	1	17435	3712	0.762282268120212	0.861640713719623
MyTH4	6	1	17435	3712	0.762282268120212	0.861640713719623
NAD_binding_2	6	1	17435	3712	0.762282268120212	0.861640713719623
Orn_Arg_deC_N	6	1	17435	3712	0.762282268120212	0.861640713719623
Rap_GAP	6	1	17435	3712	0.762282268120212	0.861640713719623
Rhomboid	6	1	17435	3712	0.762282268120212	0.861640713719623
RNase_T	6	1	17435	3712	0.762282268120212	0.861640713719623
SAM_PNT	6	1	17435	3712	0.762282268120212	0.861640713719623
Tctex-1	6	1	17435	3712	0.762282268120212	0.861640713719623
TIR	12	2	17435	3712	0.760050264019983	0.861640713719623
TPR_11	12	2	17435	3712	0.760050264019983	0.861640713719623
TPR_2	6	1	17435	3712	0.762282268120212	0.861640713719623
VWD	6	1	17435	3712	0.762282268120212	0.861640713719623
HSP20	18	3	17435	3712	0.770761515301072	0.870615072955622
UQ_con	24	4	17435	3712	0.78365455425886	0.884558989516824
HTH_Tnp_4	13	2	17435	3712	0.799128670515963	0.89700385911082
Ion_trans_2	13	2	17435	3712	0.799128670515963	0.89700385911082
Kelch_1	13	2	17435	3712	0.799128670515963	0.89700385911082
Peptidase_M1	30	5	17435	3712	0.79654408163287	0.89700385911082
RGS	13	2	17435	3712	0.799128670515963	0.89700385911082
SH3_2	13	2	17435	3712	0.799128670515963	0.89700385911082
SPRY	13	2	17435	3712	0.799128670515963	0.89700385911082
TPR_16	13	2	17435	3712	0.799128670515963	0.89700385911082
Forkhead	19	3	17435	3712	0.802809011513155	0.900508300118719
DAGK_cat	7	1	17435	3712	0.812911003029718	0.903670191514083
DUF1943	7	1	17435	3712	0.812911003029718	0.903670191514083
FAD_binding_1	7	1	17435	3712	0.812911003029718	0.903670191514083
Frizzled	7	1	17435	3712	0.812911003029718	0.903670191514083
Glyco_hydro_16	7	1	17435	3712	0.812911003029718	0.903670191514083
MATH	7	1	17435	3712	0.812911003029718	0.903670191514083
NAD_binding_11	7	1	17435	3712	0.812911003029718	0.903670191514083
Peptidase_M16_C	7	1	17435	3712	0.812911003029718	0.903670191514083
Peptidase_S9	7	1	17435	3712	0.812911003029718	0.903670191514083
RINGv	7	1	17435	3712	0.812911003029718	0.903670191514083
TIL	7	1	17435	3712	0.812911003029718	0.903670191514083
Tnp_P_element	7	1	17435	3712	0.812911003029718	0.903670191514083
wnt	7	1	17435	3712	0.812911003029718	0.903670191514083
ERAP1_C	31	5	17435	3712	0.820290178319341	0.911245218752822
E1_DerP2_DerF2	20	3	17435	3712	0.830998862566282	0.92187150297071
IQ	20	3	17435	3712	0.830998862566282	0.92187150297071
Ins_allergen_rp	14	2	17435	3712	0.832448421541234	0.922844882437121
LRR_6	26	4	17435	3712	0.835308875628573	0.923477187381006
Peptidase_M14	26	4	17435	3712	0.835308875628573	0.923477187381006
SH3_9	26	4	17435	3712	0.835308875628573	0.923477187381006
Tubulin	26	4	17435	3712	0.835308875628573	0.923477187381006
DUF4806	32	5	17435	3712	0.841747056848229	0.929957536093283
A2M_recep	8	1	17435	3712	0.852759198849874	0.93507857766475
Cytochrom_B561	8	1	17435	3712	0.852759198849874	0.93507857766475
Death	8	1	17435	3712	0.852759198849874	0.93507857766475
DUF4485	8	1	17435	3712	0.852759198849874	0.93507857766475
EF-hand_5	8	1	17435	3712	0.852759198849874	0.93507857766475
FR47	8	1	17435	3712	0.852759198849874	0.93507857766475
GST_C_3	8	1	17435	3712	0.852759198849874	0.93507857766475
Myb_DNA-bind_5	8	1	17435	3712	0.852759198849874	0.93507857766475
PAP2	8	1	17435	3712	0.852759198849874	0.93507857766475
TTL	8	1	17435	3712	0.852759198849874	0.93507857766475
Zona_pellucida	8	1	17435	3712	0.852759198849874	0.93507857766475
Guanylate_cyc	21	3	17435	3712	0.855650031643652	0.937611074076909
Acyltransferase	15	2	17435	3712	0.860689578272081	0.939940615946423
EF-hand_8	15	2	17435	3712	0.860689578272081	0.939940615946423
HECT	15	2	17435	3712	0.860689578272081	0.939940615946423
Pro_isomerase	15	2	17435	3712	0.860689578272081	0.939940615946423
Ricin_B_lectin	15	2	17435	3712	0.860689578272081	0.939940615946423
Homeobox	93	16	17435	3712	0.863960755581555	0.942874627031832
Mito_carr	39	6	17435	3712	0.866281390883133	0.944768007771801
A2M_comp	9	1	17435	3712	0.884121903496071	0.957106463314874
Amidase_2	9	1	17435	3712	0.884121903496071	0.957106463314874
Cation_ATPase	9	1	17435	3712	0.884121903496071	0.957106463314874
CN_hydrolase	9	1	17435	3712	0.884121903496071	0.957106463314874
DHC_N1	9	1	17435	3712	0.884121903496071	0.957106463314874
Ets	9	1	17435	3712	0.884121903496071	0.957106463314874
JAB	9	1	17435	3712	0.884121903496071	0.957106463314874
Mpv17_PMP22	9	1	17435	3712	0.884121903496071	0.957106463314874
PBP	9	1	17435	3712	0.884121903496071	0.957106463314874
Spectrin	9	1	17435	3712	0.884121903496071	0.957106463314874
Trehalose_recp	9	1	17435	3712	0.884121903496071	0.957106463314874
Alpha-amylase_C	10	1	17435	3712	0.908805680279187	0.972084590378202
Ank_4	30	4	17435	3712	0.908006005265025	0.972084590378202
bZIP_2	10	1	17435	3712	0.908805680279187	0.972084590378202
CBM39	10	1	17435	3712	0.908805680279187	0.972084590378202
FAD_binding_5	10	1	17435	3712	0.908805680279187	0.972084590378202
Fer2_2	10	1	17435	3712	0.908805680279187	0.972084590378202
FERM_C	10	1	17435	3712	0.908805680279187	0.972084590378202
FXa_inhibition	10	1	17435	3712	0.908805680279187	0.972084590378202
FYVE	17	2	17435	3712	0.904495265891273	0.972084590378202
Glycos_transf_2	17	2	17435	3712	0.904495265891273	0.972084590378202
HSP70	17	2	17435	3712	0.904495265891273	0.972084590378202
LIM	30	4	17435	3712	0.908006005265025	0.972084590378202
Na_Ca_ex	10	1	17435	3712	0.908805680279187	0.972084590378202
PAX	10	1	17435	3712	0.908805680279187	0.972084590378202
Peptidase_C14	10	1	17435	3712	0.908805680279187	0.972084590378202
PID	10	1	17435	3712	0.908805680279187	0.972084590378202
Sulfotransfer_1	17	2	17435	3712	0.904495265891273	0.972084590378202
YqaJ	10	1	17435	3712	0.908805680279187	0.972084590378202
Astacin	24	3	17435	3712	0.911656236281058	0.973197557327165
BACK	24	3	17435	3712	0.911656236281058	0.973197557327165
ubiquitin	24	3	17435	3712	0.911656236281058	0.973197557327165
AAA_6	11	1	17435	3712	0.928232556308091	0.985025732450626
ABC2_membrane_3	11	1	17435	3712	0.928232556308091	0.985025732450626
Ald_Xan_dh_C	11	1	17435	3712	0.928232556308091	0.985025732450626
Ald_Xan_dh_C2	11	1	17435	3712	0.928232556308091	0.985025732450626
Aldo_ket_red	11	1	17435	3712	0.928232556308091	0.985025732450626
CO_deh_flav_C	11	1	17435	3712	0.928232556308091	0.985025732450626
Endonuclease_NS	11	1	17435	3712	0.928232556308091	0.985025732450626
Peptidase_C1	11	1	17435	3712	0.928232556308091	0.985025732450626
Sugar_tr	61	9	17435	3712	0.925502803022457	0.985025732450626
AMP-binding	38	5	17435	3712	0.930260450157206	0.986528669364611
cNMP_binding	19	2	17435	3712	0.935141746268212	0.99105363779936
AAA_7	12	1	17435	3712	0.94352185560701	0.994706374571312
AAA_9	12	1	17435	3712	0.94352185560701	0.994706374571312
Aldedh	12	1	17435	3712	0.94352185560701	0.994706374571312
DHC_N2	12	1	17435	3712	0.94352185560701	0.994706374571312
Dynein_heavy	12	1	17435	3712	0.94352185560701	0.994706374571312
FERM_N	12	1	17435	3712	0.94352185560701	0.994706374571312
MT	12	1	17435	3712	0.94352185560701	0.994706374571312
MULE	12	1	17435	3712	0.94352185560701	0.994706374571312
7tm_1	86	6	17435	3712	0.999928870653167	0.999999999999876
7tm_6	72	2	17435	3712	0.999999354261543	0.999999999999876
ABC_membrane	21	1	17435	3712	0.993466391079445	0.999999999999876
ABC_tran	58	4	17435	3712	0.999312689136782	0.999999999999876
ABC2_membrane	20	1	17435	3712	0.99169650446242	0.999999999999876
Abhydrolase_1	25	2	17435	3712	0.980532465728041	0.999999999999876
Acyl_transf_3	34	2	17435	3712	0.997045088936821	0.999999999999876
Acyl-CoA_dh_M	16	1	17435	3712	0.978341683307861	0.999999999999876
ADH_N	13	1	17435	3712	0.955554621031264	0.999999999999876
adh_short	66	5	17435	3712	0.999333289984485	0.999999999999876
Alpha-amylase	23	2	17435	3712	0.970749196087936	0.999999999999876
AMP-binding_C	32	3	17435	3712	0.978452528324272	0.999999999999876
ANF_receptor	23	1	17435	3712	0.995955012117856	0.999999999999876
Ank	31	1	17435	3712	0.999406113837416	0.999999999999876
Ank_2	93	7	17435	3712	0.999918731907625	0.999999999999876
Arrestin_C	23	1	17435	3712	0.995955012117856	0.999999999999876
Arrestin_N	23	1	17435	3712	0.995955012117856	0.999999999999876
ASC	33	2	17435	3712	0.99634377801963	0.999999999999876
C2	42	4	17435	3712	0.987079037531586	0.999999999999876
C2-set_2	29	1	17435	3712	0.999040494913054	0.999999999999876
Cadherin	21	2	17435	3712	0.956298772121912	0.999999999999876
CAP	26	2	17435	3712	0.984148275528061	0.999999999999876
Carb_anhydrase	14	1	17435	3712	0.965024328684344	0.999999999999876
CBM_14	101	1	17435	3712	0.999999999970855	0.999999999999876
CD36	13	1	17435	3712	0.955554621031264	0.999999999999876
CENP-T_C	95	2	17435	3712	0.999999996675676	0.999999999999876
CH	25	2	17435	3712	0.980532465728041	0.999999999999876
CLIP	36	2	17435	3712	0.998074044116914	0.999999999999876
COesterase	63	5	17435	3712	0.998852849667588	0.999999999999876
CRAL_TRIO	45	1	17435	3712	0.999979368222791	0.999999999999876
Cyt-b5	14	1	17435	3712	0.965024328684344	0.999999999999876
DDE_1	52	2	17435	3712	0.999941929520017	0.999999999999876
DDE_Tnp_4	48	6	17435	3712	0.959740658035193	0.999999999999876
Dimer_Tnp_hAT	19	1	17435	3712	0.989447338128831	0.999999999999876
DnaJ	33	3	17435	3712	0.982082355196432	0.999999999999876
DUF1676	25	1	17435	3712	0.997495884919186	0.999999999999876
EcKinase	48	4	17435	3712	0.995556797095612	0.999999999999876
EF-hand_7	47	3	17435	3712	0.998808438185634	0.999999999999876
EGF	26	2	17435	3712	0.984148275528061	0.999999999999876
EGF_CA	24	1	17435	3712	0.996817348151541	0.999999999999876
ELO	22	1	17435	3712	0.994859107073077	0.999999999999876
FERM_M	22	1	17435	3712	0.994859107073077	0.999999999999876
Fibrinogen_C	36	1	17435	3712	0.999821052917949	0.999999999999876
fn3	44	3	17435	3712	0.997834210934599	0.999999999999876
Glyco_hydro_18	21	1	17435	3712	0.993466391079445	0.999999999999876
GMC_oxred_C	24	1	17435	3712	0.996817348151541	0.999999999999876
GMC_oxred_N	24	1	17435	3712	0.996817348151541	0.999999999999876
GST_C	24	2	17435	3712	0.976121283343107	0.999999999999876
Hemocyanin_C	18	1	17435	3712	0.986589149083536	0.999999999999876
Hemocyanin_M	18	1	17435	3712	0.986589149083536	0.999999999999876
Hemocyanin_N	18	1	17435	3712	0.986589149083536	0.999999999999876
Histone	259	14	17435	3712	0.999999999999876	0.999999999999876
Histone_H2A_C	93	5	17435	3712	0.999996198106187	0.999999999999876
HLH	53	7	17435	3712	0.953034874855929	0.999999999999876
HTH_Tnp_Tc5	33	2	17435	3712	0.99634377801963	0.999999999999876
I-set	93	3	17435	3712	0.999999931219492	0.999999999999876
Ig_3	92	2	17435	3712	0.999999993362382	0.999999999999876
Ion_trans	43	1	17435	3712	0.999966651963026	0.999999999999876
JHBP	24	2	17435	3712	0.976121283343107	0.999999999999876
Laminin_G_2	16	1	17435	3712	0.978341683307861	0.999999999999876
Ldl_recept_a	29	2	17435	3712	0.991498413598736	0.999999999999876
Lectin_C	42	3	17435	3712	0.996788555491896	0.999999999999876
Linker_histone	88	4	17435	3712	0.999998317784892	0.999999999999876
Lipase	41	3	17435	3712	0.996095018494731	0.999999999999876
LRR_8	129	11	17435	3712	0.999973167323069	0.999999999999876
MFS_1	69	8	17435	3712	0.987847105113751	0.999999999999876
MRJP	14	1	17435	3712	0.965024328684344	0.999999999999876
Myosin_head	18	1	17435	3712	0.986589149083536	0.999999999999876
Neur_chan_LBD	26	1	17435	3712	0.998029789294832	0.999999999999876
Neur_chan_memb	22	1	17435	3712	0.994859107073077	0.999999999999876
p450	152	13	17435	3712	0.999993457703785	0.999999999999876
PBP_GOBP	78	2	17435	3712	0.999999835369361	0.999999999999876
PCI	17	1	17435	3712	0.982957084396397	0.999999999999876
PDZ	63	6	17435	3712	0.996017958746141	0.999999999999876
Ras	60	7	17435	3712	0.982267439653594	0.999999999999876
Serpin	25	1	17435	3712	0.997495884919186	0.999999999999876
SNF	19	1	17435	3712	0.989447338128831	0.999999999999876
SSF	14	1	17435	3712	0.965024328684344	0.999999999999876
Tetraspannin	23	1	17435	3712	0.995955012117856	0.999999999999876
Thioredoxin	25	2	17435	3712	0.980532465728041	0.999999999999876
TPR_12	13	1	17435	3712	0.955554621031264	0.999999999999876
Trypsin	324	30	17435	3712	0.999999998368936	0.999999999999876
UDPGT	34	3	17435	3712	0.985122803344579	0.999999999999876
