annot	freq_in_pop	freq_in_int	total_ano_in_pop	total_ano_in_int	pval	pval_adj
zf-AD	343	104	17435	1921	8.00426193000731e-23	7.60404883350694e-20
zf-C2H2	485	113	17435	1921	4.27972446809819e-15	2.03286912234664e-12
DEAD	58	23	17435	1921	1.54805298648176e-08	4.90216779052557e-06
Helicase_C	83	28	17435	1921	2.944981461608e-08	6.994330971319e-06
zf-met	83	27	17435	1921	1.22137118051845e-07	2.32060524298506e-05
Cyclin_N	16	10	17435	1921	1.10274342723046e-06	0.000174601042644823
Cyclin_C	9	7	17435	1921	5.74290167956129e-06	0.000779393799369032
zf-C2H2_4	57	18	17435	1921	2.39758619988476e-05	0.00284713361236316
DUF4217	4	4	17435	1921	0.000146964970014047	0.0139616721513345
Dus	4	4	17435	1921	0.000146964970014047	0.0139616721513345
ERAP1_C	31	11	17435	1921	0.000293350812665394	0.0253348429120113
zf-C2H2_6	128	27	17435	1921	0.00065552232199575	0.0518955171579969
Peptidase_M1	30	10	17435	1921	0.000968940708638619	0.065749548086192
TUDOR	16	7	17435	1921	0.000905481500184283	0.065749548086192
F-box-like	56	14	17435	1921	0.0024700540263337	0.150023071318231
Peptidase_C14	10	5	17435	1921	0.0025267043590439	0.150023071318231
HATPase_c_3	4	3	17435	1921	0.0049019483793945	0.202471780888034
Methyltr_RsmB-F	4	3	17435	1921	0.0049019483793945	0.202471780888034
Methyltransf_23	4	3	17435	1921	0.0049019483793945	0.202471780888034
MOZ_SAS	4	3	17435	1921	0.0049019483793945	0.202471780888034
Ricin_B_lectin	15	6	17435	1921	0.00368129668921466	0.202471780888034
TMEM192	4	3	17435	1921	0.0049019483793945	0.202471780888034
XPG_N	4	3	17435	1921	0.0049019483793945	0.202471780888034
WD40	140	26	17435	1921	0.00527070461180184	0.20863205755049
AAA_12	13	5	17435	1921	0.00972537092650402	0.230548977883042
AARP2CN	2	2	17435	1921	0.0121341567306864	0.230548977883042
AdoHcyase	2	2	17435	1921	0.0121341567306864	0.230548977883042
AdoHcyase_NAD	2	2	17435	1921	0.0121341567306864	0.230548977883042
Anillin	2	2	17435	1921	0.0121341567306864	0.230548977883042
BRCT	5	3	17435	1921	0.0112496098127362	0.230548977883042
Cnd1	2	2	17435	1921	0.0121341567306864	0.230548977883042
DNA_mis_repair	2	2	17435	1921	0.0121341567306864	0.230548977883042
DNA_pol_A	2	2	17435	1921	0.0121341567306864	0.230548977883042
DRY_EERY	2	2	17435	1921	0.0121341567306864	0.230548977883042
EHN	2	2	17435	1921	0.0121341567306864	0.230548977883042
Fcf1	2	2	17435	1921	0.0121341567306864	0.230548977883042
Glycos_transf_2	17	6	17435	1921	0.00750298875463921	0.230548977883042
NLE	2	2	17435	1921	0.0121341567306864	0.230548977883042
Nop14	2	2	17435	1921	0.0121341567306864	0.230548977883042
NOP5NT	2	2	17435	1921	0.0121341567306864	0.230548977883042
Perilipin	2	2	17435	1921	0.0121341567306864	0.230548977883042
PTCB-BRCT	5	3	17435	1921	0.0112496098127362	0.230548977883042
PTR2	2	2	17435	1921	0.0121341567306864	0.230548977883042
RIBIOP_C	2	2	17435	1921	0.0121341567306864	0.230548977883042
SMC_Nse1	2	2	17435	1921	0.0121341567306864	0.230548977883042
TGT	2	2	17435	1921	0.0121341567306864	0.230548977883042
zf-C4pol	2	2	17435	1921	0.0121341567306864	0.230548977883042
zf-nanos	2	2	17435	1921	0.0121341567306864	0.230548977883042
zf-RING-like	2	2	17435	1921	0.0121341567306864	0.230548977883042
zf-U11-48K	5	3	17435	1921	0.0112496098127362	0.230548977883042
RhoGAP	24	7	17435	1921	0.0124477946221733	0.231870684138522
Propep_M14	19	6	17435	1921	0.0135723401676001	0.247956214600387
40S_SA_C	1	1	17435	1921	0.110180671063953	0.25283004229651
A_deamin	1	1	17435	1921	0.110180671063953	0.25283004229651
AA_permease_2	11	4	17435	1921	0.0256664914313183	0.25283004229651
AAA_11	12	4	17435	1921	0.0352125351692587	0.25283004229651
AAA_30	1	1	17435	1921	0.110180671063953	0.25283004229651
AAA_assoc_2	1	1	17435	1921	0.110180671063953	0.25283004229651
AATF-Che1	1	1	17435	1921	0.110180671063953	0.25283004229651
AC_N	4	2	17435	1921	0.0625601487152875	0.25283004229651
AKAP2_C	1	1	17435	1921	0.110180671063953	0.25283004229651
ALG3	1	1	17435	1921	0.110180671063953	0.25283004229651
ALMS_motif	1	1	17435	1921	0.110180671063953	0.25283004229651
Alpha-mann_mid	5	2	17435	1921	0.0967671746503217	0.25283004229651
An_peroxidase	15	5	17435	1921	0.0188236872715453	0.25283004229651
Ank_5	11	4	17435	1921	0.0256664914313183	0.25283004229651
ASH	1	1	17435	1921	0.110180671063953	0.25283004229651
Auts2	1	1	17435	1921	0.110180671063953	0.25283004229651
BCAS2	1	1	17435	1921	0.110180671063953	0.25283004229651
Beta_helix	3	2	17435	1921	0.033731048547341	0.25283004229651
Beta-TrCP_D	1	1	17435	1921	0.110180671063953	0.25283004229651
BHD_1	4	2	17435	1921	0.0625601487152875	0.25283004229651
BHD_3	4	2	17435	1921	0.0625601487152875	0.25283004229651
BING4CT	1	1	17435	1921	0.110180671063953	0.25283004229651
BNIP2	1	1	17435	1921	0.110180671063953	0.25283004229651
BORA_N	1	1	17435	1921	0.110180671063953	0.25283004229651
BP28CT	1	1	17435	1921	0.110180671063953	0.25283004229651
BRCA-2_helical	1	1	17435	1921	0.110180671063953	0.25283004229651
BRCA-2_OB1	1	1	17435	1921	0.110180671063953	0.25283004229651
BRCA-2_OB3	1	1	17435	1921	0.110180671063953	0.25283004229651
BRCA2	1	1	17435	1921	0.110180671063953	0.25283004229651
BRCT_2	5	2	17435	1921	0.0967671746503217	0.25283004229651
Brix	7	3	17435	1921	0.0332336157193927	0.25283004229651
CAF1A	1	1	17435	1921	0.110180671063953	0.25283004229651
CALM_bind	1	1	17435	1921	0.110180671063953	0.25283004229651
CaMKII_AD	1	1	17435	1921	0.110180671063953	0.25283004229651
CDC45	1	1	17435	1921	0.110180671063953	0.25283004229651
CN_hydrolase	9	3	17435	1921	0.0674749528287815	0.25283004229651
Cnd1_N	1	1	17435	1921	0.110180671063953	0.25283004229651
Cnd2	1	1	17435	1921	0.110180671063953	0.25283004229651
Codanin-1_C	1	1	17435	1921	0.110180671063953	0.25283004229651
Coilin_N	1	1	17435	1921	0.110180671063953	0.25283004229651
COMPASS-Shg1	1	1	17435	1921	0.110180671063953	0.25283004229651
COPIIcoated_ERV	1	1	17435	1921	0.110180671063953	0.25283004229651
CortBP2	1	1	17435	1921	0.110180671063953	0.25283004229651
CPL	1	1	17435	1921	0.110180671063953	0.25283004229651
CPSase_L_D3	1	1	17435	1921	0.110180671063953	0.25283004229651
CPSase_sm_chain	1	1	17435	1921	0.110180671063953	0.25283004229651
Creb_binding	1	1	17435	1921	0.110180671063953	0.25283004229651
CSTF_C	1	1	17435	1921	0.110180671063953	0.25283004229651
CSTF2_hinge	1	1	17435	1921	0.110180671063953	0.25283004229651
CTP_synth_N	1	1	17435	1921	0.110180671063953	0.25283004229651
CTU2	1	1	17435	1921	0.110180671063953	0.25283004229651
Cupin_4	1	1	17435	1921	0.110180671063953	0.25283004229651
CytochromB561_N	1	1	17435	1921	0.110180671063953	0.25283004229651
DALR_1	3	2	17435	1921	0.033731048547341	0.25283004229651
DCAF15_WD40	1	1	17435	1921	0.110180671063953	0.25283004229651
dCMP_cyt_deam_1	4	2	17435	1921	0.0625601487152875	0.25283004229651
DCP1	1	1	17435	1921	0.110180671063953	0.25283004229651
DEAD_2	4	2	17435	1921	0.0625601487152875	0.25283004229651
DEK_C	3	2	17435	1921	0.033731048547341	0.25283004229651
Det1	1	1	17435	1921	0.110180671063953	0.25283004229651
DFP	1	1	17435	1921	0.110180671063953	0.25283004229651
DGCR6	1	1	17435	1921	0.110180671063953	0.25283004229651
DHC_N1	9	3	17435	1921	0.0674749528287815	0.25283004229651
DKCLD	1	1	17435	1921	0.110180671063953	0.25283004229651
DNA_pol_B	4	2	17435	1921	0.0625601487152875	0.25283004229651
DNA_pol_B_exo1	4	2	17435	1921	0.0625601487152875	0.25283004229651
DNA_pol_phi	1	1	17435	1921	0.110180671063953	0.25283004229651
DNA_primase_S	1	1	17435	1921	0.110180671063953	0.25283004229651
DNase_II	1	1	17435	1921	0.110180671063953	0.25283004229651
DND1_DSRM	1	1	17435	1921	0.110180671063953	0.25283004229651
DPCD	1	1	17435	1921	0.110180671063953	0.25283004229651
Dpoe2NT	1	1	17435	1921	0.110180671063953	0.25283004229651
DRIM	1	1	17435	1921	0.110180671063953	0.25283004229651
DS	1	1	17435	1921	0.110180671063953	0.25283004229651
DUF1487	1	1	17435	1921	0.110180671063953	0.25283004229651
DUF1726	1	1	17435	1921	0.110180671063953	0.25283004229651
DUF2039	1	1	17435	1921	0.110180671063953	0.25283004229651
DUF2428	1	1	17435	1921	0.110180671063953	0.25283004229651
DUF2462	1	1	17435	1921	0.110180671063953	0.25283004229651
DUF3338	1	1	17435	1921	0.110180671063953	0.25283004229651
DUF3381	1	1	17435	1921	0.110180671063953	0.25283004229651
DUF3421	7	3	17435	1921	0.0332336157193927	0.25283004229651
DUF4149	1	1	17435	1921	0.110180671063953	0.25283004229651
DUF4477	1	1	17435	1921	0.110180671063953	0.25283004229651
DUF4506	1	1	17435	1921	0.110180671063953	0.25283004229651
DUF4519	1	1	17435	1921	0.110180671063953	0.25283004229651
DUF4820	1	1	17435	1921	0.110180671063953	0.25283004229651
DUF902	1	1	17435	1921	0.110180671063953	0.25283004229651
DUF938	1	1	17435	1921	0.110180671063953	0.25283004229651
dUTPase	1	1	17435	1921	0.110180671063953	0.25283004229651
DWNN	1	1	17435	1921	0.110180671063953	0.25283004229651
Dzip-like_N	1	1	17435	1921	0.110180671063953	0.25283004229651
E2F_CC-MB	1	1	17435	1921	0.110180671063953	0.25283004229651
E2F_TDP	3	2	17435	1921	0.033731048547341	0.25283004229651
EB	5	2	17435	1921	0.0967671746503217	0.25283004229651
eIF-6	1	1	17435	1921	0.110180671063953	0.25283004229651
ELYS	1	1	17435	1921	0.110180671063953	0.25283004229651
ELYS-bb	1	1	17435	1921	0.110180671063953	0.25283004229651
EMG1	1	1	17435	1921	0.110180671063953	0.25283004229651
EPL1	3	2	17435	1921	0.033731048547341	0.25283004229651
ERGIC_N	1	1	17435	1921	0.110180671063953	0.25283004229651
FAM117	1	1	17435	1921	0.110180671063953	0.25283004229651
FAM193_C	1	1	17435	1921	0.110180671063953	0.25283004229651
FancD2	1	1	17435	1921	0.110180671063953	0.25283004229651
Fanconi_A_N	1	1	17435	1921	0.110180671063953	0.25283004229651
FAR1	1	1	17435	1921	0.110180671063953	0.25283004229651
Fcf2	1	1	17435	1921	0.110180671063953	0.25283004229651
FHA	18	5	17435	1921	0.040679406434442	0.25283004229651
FLYWCH	20	5	17435	1921	0.061274153748262	0.25283004229651
fn3_4	1	1	17435	1921	0.110180671063953	0.25283004229651
FSH1	1	1	17435	1921	0.110180671063953	0.25283004229651
G-patch	17	5	17435	1921	0.0322189527509953	0.25283004229651
G-patch_2	1	1	17435	1921	0.110180671063953	0.25283004229651
GABP-alpha	1	1	17435	1921	0.110180671063953	0.25283004229651
Gal-bind_lectin	10	4	17435	1921	0.0178656617255607	0.25283004229651
GATase	3	2	17435	1921	0.033731048547341	0.25283004229651
Gate	1	1	17435	1921	0.110180671063953	0.25283004229651
Gcd10p	1	1	17435	1921	0.110180671063953	0.25283004229651
Geminin	1	1	17435	1921	0.110180671063953	0.25283004229651
Glyco_hydro_1	7	3	17435	1921	0.0332336157193927	0.25283004229651
Glyco_hydro_2	1	1	17435	1921	0.110180671063953	0.25283004229651
Glyco_hydro_2_C	1	1	17435	1921	0.110180671063953	0.25283004229651
Glyco_hydro_2_N	1	1	17435	1921	0.110180671063953	0.25283004229651
Glyco_hydro_20	5	2	17435	1921	0.0967671746503217	0.25283004229651
Glyco_hydro_38	5	2	17435	1921	0.0967671746503217	0.25283004229651
Glyco_hydro_38C	5	2	17435	1921	0.0967671746503217	0.25283004229651
Glyco_hydro_65m	5	2	17435	1921	0.0967671746503217	0.25283004229651
Glyco_transf_49	3	2	17435	1921	0.033731048547341	0.25283004229651
Glycohydro_20b2	4	2	17435	1921	0.0625601487152875	0.25283004229651
GN3L_Grn1	1	1	17435	1921	0.110180671063953	0.25283004229651
GNAT_acetyltr_2	1	1	17435	1921	0.110180671063953	0.25283004229651
HARP	1	1	17435	1921	0.110180671063953	0.25283004229651
HAT_KAT11	1	1	17435	1921	0.110180671063953	0.25283004229651
HAUS-augmin3	1	1	17435	1921	0.110180671063953	0.25283004229651
HAUS6_N	1	1	17435	1921	0.110180671063953	0.25283004229651
Helicase_C_2	3	2	17435	1921	0.033731048547341	0.25283004229651
Helicase_RecD	1	1	17435	1921	0.110180671063953	0.25283004229651
HHH	1	1	17435	1921	0.110180671063953	0.25283004229651
HHH_3	1	1	17435	1921	0.110180671063953	0.25283004229651
HhH-GPD	3	2	17435	1921	0.033731048547341	0.25283004229651
HRDC	4	2	17435	1921	0.0625601487152875	0.25283004229651
HTH_psq	28	6	17435	1921	0.0804891973398152	0.25283004229651
HUN	1	1	17435	1921	0.110180671063953	0.25283004229651
HyaE	1	1	17435	1921	0.110180671063953	0.25283004229651
Hydrolase_6	10	3	17435	1921	0.0887360775873046	0.25283004229651
HYLS1_C	1	1	17435	1921	0.110180671063953	0.25283004229651
IMS	3	2	17435	1921	0.033731048547341	0.25283004229651
IMS_C	3	2	17435	1921	0.033731048547341	0.25283004229651
Indigoidine_A	1	1	17435	1921	0.110180671063953	0.25283004229651
IPPT	1	1	17435	1921	0.110180671063953	0.25283004229651
Kinesin	24	6	17435	1921	0.0418443666979323	0.25283004229651
KIX	1	1	17435	1921	0.110180671063953	0.25283004229651
Las1	1	1	17435	1921	0.110180671063953	0.25283004229651
LIM_bind	1	1	17435	1921	0.110180671063953	0.25283004229651
LINES_C	1	1	17435	1921	0.110180671063953	0.25283004229651
LINES_N	1	1	17435	1921	0.110180671063953	0.25283004229651
Lipid_DES	1	1	17435	1921	0.110180671063953	0.25283004229651
LTD	1	1	17435	1921	0.110180671063953	0.25283004229651
MACPF	1	1	17435	1921	0.110180671063953	0.25283004229651
Maf	1	1	17435	1921	0.110180671063953	0.25283004229651
Mak16	1	1	17435	1921	0.110180671063953	0.25283004229651
MamL-1	1	1	17435	1921	0.110180671063953	0.25283004229651
MBD	4	2	17435	1921	0.0625601487152875	0.25283004229651
MBD_C	1	1	17435	1921	0.110180671063953	0.25283004229651
MBDa	1	1	17435	1921	0.110180671063953	0.25283004229651
MBOAT	8	3	17435	1921	0.0488933281455057	0.25283004229651
Mcl1_mid	1	1	17435	1921	0.110180671063953	0.25283004229651
MCM_bind	1	1	17435	1921	0.110180671063953	0.25283004229651
MCM3AP_GANP	1	1	17435	1921	0.110180671063953	0.25283004229651
Methyltr_RsmF_N	1	1	17435	1921	0.110180671063953	0.25283004229651
Methyltransf_10	1	1	17435	1921	0.110180671063953	0.25283004229651
Methyltransf_8	1	1	17435	1921	0.110180671063953	0.25283004229651
Methyltransf_PK	1	1	17435	1921	0.110180671063953	0.25283004229651
MgsA_C	1	1	17435	1921	0.110180671063953	0.25283004229651
mit_SMPDase	1	1	17435	1921	0.110180671063953	0.25283004229651
Mlh1_C	1	1	17435	1921	0.110180671063953	0.25283004229651
MMS22L_C	1	1	17435	1921	0.110180671063953	0.25283004229651
MMS22L_N	1	1	17435	1921	0.110180671063953	0.25283004229651
MnmE_helical	1	1	17435	1921	0.110180671063953	0.25283004229651
Mo-co_dimer	1	1	17435	1921	0.110180671063953	0.25283004229651
Mpp10	1	1	17435	1921	0.110180671063953	0.25283004229651
Mre11_DNA_bind	1	1	17435	1921	0.110180671063953	0.25283004229651
mRNA_decap_C	1	1	17435	1921	0.110180671063953	0.25283004229651
MRNIP	1	1	17435	1921	0.110180671063953	0.25283004229651
MSL2-CXC	1	1	17435	1921	0.110180671063953	0.25283004229651
Mtf2_C	1	1	17435	1921	0.110180671063953	0.25283004229651
Mur_ligase_M	1	1	17435	1921	0.110180671063953	0.25283004229651
MutL_C	1	1	17435	1921	0.110180671063953	0.25283004229651
NatB_MDM20	1	1	17435	1921	0.110180671063953	0.25283004229651
Ndc80_HEC	1	1	17435	1921	0.110180671063953	0.25283004229651
NGP1NT	1	1	17435	1921	0.110180671063953	0.25283004229651
Nic96	1	1	17435	1921	0.110180671063953	0.25283004229651
NKAIN	1	1	17435	1921	0.110180671063953	0.25283004229651
NMD3	1	1	17435	1921	0.110180671063953	0.25283004229651
NOB1_Zn_bind	1	1	17435	1921	0.110180671063953	0.25283004229651
Noc2	1	1	17435	1921	0.110180671063953	0.25283004229651
NOC3p	1	1	17435	1921	0.110180671063953	0.25283004229651
NOG1	1	1	17435	1921	0.110180671063953	0.25283004229651
NOGCT	1	1	17435	1921	0.110180671063953	0.25283004229651
Nop	3	2	17435	1921	0.033731048547341	0.25283004229651
Nop16	1	1	17435	1921	0.110180671063953	0.25283004229651
Nop25	1	1	17435	1921	0.110180671063953	0.25283004229651
Nop52	1	1	17435	1921	0.110180671063953	0.25283004229651
NosD	1	1	17435	1921	0.110180671063953	0.25283004229651
Nrap	1	1	17435	1921	0.110180671063953	0.25283004229651
Nrap_D2	1	1	17435	1921	0.110180671063953	0.25283004229651
Nrap_D3	1	1	17435	1921	0.110180671063953	0.25283004229651
Nrap_D4	1	1	17435	1921	0.110180671063953	0.25283004229651
Nrap_D5	1	1	17435	1921	0.110180671063953	0.25283004229651
Nrap_D6	1	1	17435	1921	0.110180671063953	0.25283004229651
NtCtMGAM_N	1	1	17435	1921	0.110180671063953	0.25283004229651
NTP_transf_7	1	1	17435	1921	0.110180671063953	0.25283004229651
NUC130_3NT	1	1	17435	1921	0.110180671063953	0.25283004229651
NUC194	1	1	17435	1921	0.110180671063953	0.25283004229651
Nucleoporin_FG2	1	1	17435	1921	0.110180671063953	0.25283004229651
Nucleos_tra2_C	1	1	17435	1921	0.110180671063953	0.25283004229651
Nucleos_tra2_N	1	1	17435	1921	0.110180671063953	0.25283004229651
Nuf2	1	1	17435	1921	0.110180671063953	0.25283004229651
NUFIP1	1	1	17435	1921	0.110180671063953	0.25283004229651
Nup35_RRM	1	1	17435	1921	0.110180671063953	0.25283004229651
OCD_Mu_crystall	1	1	17435	1921	0.110180671063953	0.25283004229651
ORC2	1	1	17435	1921	0.110180671063953	0.25283004229651
ORC3_N	1	1	17435	1921	0.110180671063953	0.25283004229651
OSK	1	1	17435	1921	0.110180671063953	0.25283004229651
OTCace	1	1	17435	1921	0.110180671063953	0.25283004229651
OTCace_N	1	1	17435	1921	0.110180671063953	0.25283004229651
Oxidored_molyb	1	1	17435	1921	0.110180671063953	0.25283004229651
PA28_alpha	1	1	17435	1921	0.110180671063953	0.25283004229651
PA28_beta	1	1	17435	1921	0.110180671063953	0.25283004229651
PAPA-1	1	1	17435	1921	0.110180671063953	0.25283004229651
PAX	10	3	17435	1921	0.0887360775873046	0.25283004229651
PC4	1	1	17435	1921	0.110180671063953	0.25283004229651
PDDEXK_1	1	1	17435	1921	0.110180671063953	0.25283004229651
Peptidase_C50	1	1	17435	1921	0.110180671063953	0.25283004229651
Peptidase_M14	26	6	17435	1921	0.059298103624178	0.25283004229651
Peptidase_M19	5	2	17435	1921	0.0967671746503217	0.25283004229651
Pescadillo_N	1	1	17435	1921	0.110180671063953	0.25283004229651
PHAT	1	1	17435	1921	0.110180671063953	0.25283004229651
Phe_ZIP	1	1	17435	1921	0.110180671063953	0.25283004229651
PI3K_P85_iSH2	1	1	17435	1921	0.110180671063953	0.25283004229651
PI3K_p85B	1	1	17435	1921	0.110180671063953	0.25283004229651
PIG-F	1	1	17435	1921	0.110180671063953	0.25283004229651
PigN	1	1	17435	1921	0.110180671063953	0.25283004229651
PIN_6	1	1	17435	1921	0.110180671063953	0.25283004229651
Pkinase	169	27	17435	1921	0.0305221354493586	0.25283004229651
Plant_tran	1	1	17435	1921	0.110180671063953	0.25283004229651
POLO_box	1	1	17435	1921	0.110180671063953	0.25283004229651
Polysacc_synt_4	1	1	17435	1921	0.110180671063953	0.25283004229651
POP1	1	1	17435	1921	0.110180671063953	0.25283004229651
POPLD	1	1	17435	1921	0.110180671063953	0.25283004229651
PP2C_C	1	1	17435	1921	0.110180671063953	0.25283004229651
PPP5	1	1	17435	1921	0.110180671063953	0.25283004229651
PRCC	1	1	17435	1921	0.110180671063953	0.25283004229651
Prenyltransf	1	1	17435	1921	0.110180671063953	0.25283004229651
PRMT5	1	1	17435	1921	0.110180671063953	0.25283004229651
PRMT5_C	1	1	17435	1921	0.110180671063953	0.25283004229651
Prp19	1	1	17435	1921	0.110180671063953	0.25283004229651
PRP38_assoc	1	1	17435	1921	0.110180671063953	0.25283004229651
PTPS	1	1	17435	1921	0.110180671063953	0.25283004229651
Pyrid_oxidase_2	1	1	17435	1921	0.110180671063953	0.25283004229651
Rad4	5	2	17435	1921	0.0967671746503217	0.25283004229651
Rad60-SLD_2	1	1	17435	1921	0.110180671063953	0.25283004229651
Rbsn	1	1	17435	1921	0.110180671063953	0.25283004229651
RecQ_Zn_bind	5	2	17435	1921	0.0967671746503217	0.25283004229651
Rep_fac_C	5	2	17435	1921	0.0967671746503217	0.25283004229651
RFC1	1	1	17435	1921	0.110180671063953	0.25283004229651
RIO1	3	2	17435	1921	0.033731048547341	0.25283004229651
Rio2_N	1	1	17435	1921	0.110180671063953	0.25283004229651
RMI1_C	1	1	17435	1921	0.110180671063953	0.25283004229651
RNA_pol_Rpa2_4	1	1	17435	1921	0.110180671063953	0.25283004229651
RNase_HII	1	1	17435	1921	0.110180671063953	0.25283004229651
RNase_P_p30	1	1	17435	1921	0.110180671063953	0.25283004229651
RNase_PH	7	3	17435	1921	0.0332336157193927	0.25283004229651
RNase_PH_C	4	2	17435	1921	0.0625601487152875	0.25283004229651
Rod_C	1	1	17435	1921	0.110180671063953	0.25283004229651
RRM_1	129	20	17435	1921	0.0726532490944552	0.25283004229651
RRN3	1	1	17435	1921	0.110180671063953	0.25283004229651
RRP36	1	1	17435	1921	0.110180671063953	0.25283004229651
RRP7	1	1	17435	1921	0.110180671063953	0.25283004229651
RuvB_N	1	1	17435	1921	0.110180671063953	0.25283004229651
Sacchrp_dh_C	1	1	17435	1921	0.110180671063953	0.25283004229651
SAM_1	22	5	17435	1921	0.0867630599416781	0.25283004229651
SAM_2	9	3	17435	1921	0.0674749528287815	0.25283004229651
SAP30_Sin3_bdg	1	1	17435	1921	0.110180671063953	0.25283004229651
SAS-6_N	1	1	17435	1921	0.110180671063953	0.25283004229651
SbcCD_C	3	2	17435	1921	0.033731048547341	0.25283004229651
SDA1	1	1	17435	1921	0.110180671063953	0.25283004229651
SHQ1	1	1	17435	1921	0.110180671063953	0.25283004229651
Shugoshin_C	1	1	17435	1921	0.110180671063953	0.25283004229651
SKA1	1	1	17435	1921	0.110180671063953	0.25283004229651
SLBP_RNA_bind	1	1	17435	1921	0.110180671063953	0.25283004229651
Sld5	4	2	17435	1921	0.0625601487152875	0.25283004229651
SLD5_C	1	1	17435	1921	0.110180671063953	0.25283004229651
Slx4	1	1	17435	1921	0.110180671063953	0.25283004229651
SLX9	1	1	17435	1921	0.110180671063953	0.25283004229651
SNF2_N	19	5	17435	1921	0.0503605015297425	0.25283004229651
SOAR	1	1	17435	1921	0.110180671063953	0.25283004229651
Spb1_C	1	1	17435	1921	0.110180671063953	0.25283004229651
SRAP	1	1	17435	1921	0.110180671063953	0.25283004229651
SURF6	1	1	17435	1921	0.110180671063953	0.25283004229651
TAF4	1	1	17435	1921	0.110180671063953	0.25283004229651
Tex_N	1	1	17435	1921	0.110180671063953	0.25283004229651
Tex_YqgF	1	1	17435	1921	0.110180671063953	0.25283004229651
Tfb2	1	1	17435	1921	0.110180671063953	0.25283004229651
TFIIS_C	5	2	17435	1921	0.0967671746503217	0.25283004229651
THAP	82	15	17435	1921	0.0331005006470147	0.25283004229651
Thg1	1	1	17435	1921	0.110180671063953	0.25283004229651
Thg1C	1	1	17435	1921	0.110180671063953	0.25283004229651
Thyroglobulin_1	6	3	17435	1921	0.0206648827285897	0.25283004229651
Tma16	1	1	17435	1921	0.110180671063953	0.25283004229651
Topo_C_assoc	1	1	17435	1921	0.110180671063953	0.25283004229651
Topoisom_I	1	1	17435	1921	0.110180671063953	0.25283004229651
Topoisom_I_N	1	1	17435	1921	0.110180671063953	0.25283004229651
TPD	1	1	17435	1921	0.110180671063953	0.25283004229651
TPK_B1_binding	1	1	17435	1921	0.110180671063953	0.25283004229651
TPK_catalytic	1	1	17435	1921	0.110180671063953	0.25283004229651
TRAUB	1	1	17435	1921	0.110180671063953	0.25283004229651
Trefoil	1	1	17435	1921	0.110180671063953	0.25283004229651
TRM13	1	1	17435	1921	0.110180671063953	0.25283004229651
TrmE_N	1	1	17435	1921	0.110180671063953	0.25283004229651
tRNA_bind_2	1	1	17435	1921	0.110180671063953	0.25283004229651
tRNA_int_end_N2	1	1	17435	1921	0.110180671063953	0.25283004229651
tRNA_U5-meth_tr	1	1	17435	1921	0.110180671063953	0.25283004229651
TROVE	1	1	17435	1921	0.110180671063953	0.25283004229651
Trp_dioxygenase	1	1	17435	1921	0.110180671063953	0.25283004229651
TruB_C_2	1	1	17435	1921	0.110180671063953	0.25283004229651
TruD	1	1	17435	1921	0.110180671063953	0.25283004229651
Tudor-knot	4	2	17435	1921	0.0625601487152875	0.25283004229651
U-box	6	3	17435	1921	0.0206648827285897	0.25283004229651
U3snoRNP10	1	1	17435	1921	0.110180671063953	0.25283004229651
UBN_AB	1	1	17435	1921	0.110180671063953	0.25283004229651
UDG	1	1	17435	1921	0.110180671063953	0.25283004229651
UPF0020	1	1	17435	1921	0.110180671063953	0.25283004229651
UPF0489	1	1	17435	1921	0.110180671063953	0.25283004229651
Urb2	1	1	17435	1921	0.110180671063953	0.25283004229651
Utp12	3	2	17435	1921	0.033731048547341	0.25283004229651
Utp13	1	1	17435	1921	0.110180671063953	0.25283004229651
Utp14	1	1	17435	1921	0.110180671063953	0.25283004229651
UTP15_C	1	1	17435	1921	0.110180671063953	0.25283004229651
UTP25	1	1	17435	1921	0.110180671063953	0.25283004229651
VASP_tetra	1	1	17435	1921	0.110180671063953	0.25283004229651
WBS_methylT	1	1	17435	1921	0.110180671063953	0.25283004229651
WGG	1	1	17435	1921	0.110180671063953	0.25283004229651
XPG_I	4	2	17435	1921	0.0625601487152875	0.25283004229651
XPG_I_2	1	1	17435	1921	0.110180671063953	0.25283004229651
zf-B_box	19	5	17435	1921	0.0503605015297425	0.25283004229651
zf-H2C2_2	1	1	17435	1921	0.110180671063953	0.25283004229651
zf-HC5HC2H	4	2	17435	1921	0.0625601487152875	0.25283004229651
zf-HIT	5	2	17435	1921	0.0967671746503217	0.25283004229651
zf-LITAF-like	6	3	17435	1921	0.0206648827285897	0.25283004229651
zf-LYAR	1	1	17435	1921	0.110180671063953	0.25283004229651
zf-Nse	1	1	17435	1921	0.110180671063953	0.25283004229651
zf-RING_10	1	1	17435	1921	0.110180671063953	0.25283004229651
zf-RING_2	31	7	17435	1921	0.0480072300209056	0.25283004229651
zf-RING_5	1	1	17435	1921	0.110180671063953	0.25283004229651
zf-RRN7	1	1	17435	1921	0.110180671063953	0.25283004229651
zf-SAP30	1	1	17435	1921	0.110180671063953	0.25283004229651
zf-TAZ	1	1	17435	1921	0.110180671063953	0.25283004229651
zf-TRM13_CCCH	1	1	17435	1921	0.110180671063953	0.25283004229651
zf-UBR	5	2	17435	1921	0.0967671746503217	0.25283004229651
zf-ZPR1	1	1	17435	1921	0.110180671063953	0.25283004229651
Zn_ribbon_SprT	1	1	17435	1921	0.110180671063953	0.25283004229651
ABC2_membrane_3	11	3	17435	1921	0.112387172395799	0.256653398500023
Alk_phosphatase	11	3	17435	1921	0.112387172395799	0.256653398500023
AAA	39	7	17435	1921	0.131454478675152	0.299476630075287
DNA_pol_E_B	6	2	17435	1921	0.134818320611188	0.299947083326998
DUF753	6	2	17435	1921	0.134818320611188	0.299947083326998
FtsJ	6	2	17435	1921	0.134818320611188	0.299947083326998
G-alpha	6	2	17435	1921	0.134818320611188	0.299947083326998
GD_N	6	2	17435	1921	0.134818320611188	0.299947083326998
Innexin	6	2	17435	1921	0.134818320611188	0.299947083326998
MBF2	6	2	17435	1921	0.134818320611188	0.299947083326998
Methyltransf_25	6	2	17435	1921	0.134818320611188	0.299947083326998
MyTH4	6	2	17435	1921	0.134818320611188	0.299947083326998
SMC_N	6	2	17435	1921	0.134818320611188	0.299947083326998
TIR	12	3	17435	1921	0.138112051471313	0.306557123592868
5_nucleotid	2	1	17435	1921	0.208227185397218	0.347655230452297
Aa_trans	21	4	17435	1921	0.194666013519966	0.347655230452297
AAA_25	2	1	17435	1921	0.208227185397218	0.347655230452297
ADK_lid	2	1	17435	1921	0.208227185397218	0.347655230452297
AlaDh_PNT_N	2	1	17435	1921	0.208227185397218	0.347655230452297
Alba	2	1	17435	1921	0.208227185397218	0.347655230452297
Arm	7	2	17435	1921	0.175452202567906	0.347655230452297
B3_4	2	1	17435	1921	0.208227185397218	0.347655230452297
Bcl-2	2	1	17435	1921	0.208227185397218	0.347655230452297
Bin3	2	1	17435	1921	0.208227185397218	0.347655230452297
Borealin	2	1	17435	1921	0.208227185397218	0.347655230452297
Cadherin	21	4	17435	1921	0.194666013519966	0.347655230452297
CAF1C_H4-bd	2	1	17435	1921	0.208227185397218	0.347655230452297
Carb_anhydrase	14	3	17435	1921	0.194475766364494	0.347655230452297
Cdc6_C	2	1	17435	1921	0.208227185397218	0.347655230452297
CEBP_ZZ	2	1	17435	1921	0.208227185397218	0.347655230452297
Chitin_synth_2	2	1	17435	1921	0.208227185397218	0.347655230452297
Choline_kinase	2	1	17435	1921	0.208227185397218	0.347655230452297
CKS	2	1	17435	1921	0.208227185397218	0.347655230452297
CLP1_P	2	1	17435	1921	0.208227185397218	0.347655230452297
Cse1	2	1	17435	1921	0.208227185397218	0.347655230452297
CTNNB1_binding	2	1	17435	1921	0.208227185397218	0.347655230452297
Cyclin_C_2	2	1	17435	1921	0.208227185397218	0.347655230452297
Diphthamide_syn	2	1	17435	1921	0.208227185397218	0.347655230452297
DNA_ligase_A_C	2	1	17435	1921	0.208227185397218	0.347655230452297
DNA_ligase_A_M	2	1	17435	1921	0.208227185397218	0.347655230452297
DNA_ligase_A_N	2	1	17435	1921	0.208227185397218	0.347655230452297
DNA_pol3_delta2	2	1	17435	1921	0.208227185397218	0.347655230452297
DSPc	13	3	17435	1921	0.165583617796229	0.347655230452297
DTW	2	1	17435	1921	0.208227185397218	0.347655230452297
DUF2373	2	1	17435	1921	0.208227185397218	0.347655230452297
DUF2465	2	1	17435	1921	0.208227185397218	0.347655230452297
DUF389	2	1	17435	1921	0.208227185397218	0.347655230452297
DUF953	2	1	17435	1921	0.208227185397218	0.347655230452297
E1_DerP2_DerF2	20	4	17435	1921	0.171570642881565	0.347655230452297
EB1	2	1	17435	1921	0.208227185397218	0.347655230452297
ECR1_N	2	1	17435	1921	0.208227185397218	0.347655230452297
EF-hand_2	2	1	17435	1921	0.208227185397218	0.347655230452297
EIF4E-T	2	1	17435	1921	0.208227185397218	0.347655230452297
F-box	14	3	17435	1921	0.194475766364494	0.347655230452297
Fibrinogen_C	36	6	17435	1921	0.199673723957286	0.347655230452297
Filament	2	1	17435	1921	0.208227185397218	0.347655230452297
GAIN	2	1	17435	1921	0.208227185397218	0.347655230452297
Gar1	2	1	17435	1921	0.208227185397218	0.347655230452297
GIY-YIG	2	1	17435	1921	0.208227185397218	0.347655230452297
GKAP	2	1	17435	1921	0.208227185397218	0.347655230452297
GPS	2	1	17435	1921	0.208227185397218	0.347655230452297
Guanylate_cyc	21	4	17435	1921	0.194666013519966	0.347655230452297
HA2	13	3	17435	1921	0.165583617796229	0.347655230452297
HORMA	2	1	17435	1921	0.208227185397218	0.347655230452297
HTH_40	2	1	17435	1921	0.208227185397218	0.347655230452297
HTH_9	2	1	17435	1921	0.208227185397218	0.347655230452297
IATP	2	1	17435	1921	0.208227185397218	0.347655230452297
IBR	7	2	17435	1921	0.175452202567906	0.347655230452297
IF4E	2	1	17435	1921	0.208227185397218	0.347655230452297
Ipi1_N	2	1	17435	1921	0.208227185397218	0.347655230452297
Kelch_2	2	1	17435	1921	0.208227185397218	0.347655230452297
Kelch_6	2	1	17435	1921	0.208227185397218	0.347655230452297
KH_6	2	1	17435	1921	0.208227185397218	0.347655230452297
LIN37	2	1	17435	1921	0.208227185397218	0.347655230452297
LRRCT	2	1	17435	1921	0.208227185397218	0.347655230452297
LTV	2	1	17435	1921	0.208227185397218	0.347655230452297
Mad3_BUB1_I	2	1	17435	1921	0.208227185397218	0.347655230452297
MADF_DNA_bdg	36	6	17435	1921	0.199673723957286	0.347655230452297
Maelstrom	2	1	17435	1921	0.208227185397218	0.347655230452297
Mcm10	2	1	17435	1921	0.208227185397218	0.347655230452297
MGS	2	1	17435	1921	0.208227185397218	0.347655230452297
MMR_HSR1	20	4	17435	1921	0.171570642881565	0.347655230452297
MRG	2	1	17435	1921	0.208227185397218	0.347655230452297
Mtc	2	1	17435	1921	0.208227185397218	0.347655230452297
N6-adenineMlase	2	1	17435	1921	0.208227185397218	0.347655230452297
NIBRIN_BRCT_II	2	1	17435	1921	0.208227185397218	0.347655230452297
Nop53	2	1	17435	1921	0.208227185397218	0.347655230452297
NPC1_N	2	1	17435	1921	0.208227185397218	0.347655230452297
NUC153	2	1	17435	1921	0.208227185397218	0.347655230452297
O-FucT	2	1	17435	1921	0.208227185397218	0.347655230452297
OB_NTP_bind	13	3	17435	1921	0.165583617796229	0.347655230452297
OGG_N	2	1	17435	1921	0.208227185397218	0.347655230452297
ORC5_C	2	1	17435	1921	0.208227185397218	0.347655230452297
OST-HTH	2	1	17435	1921	0.208227185397218	0.347655230452297
OxoGdeHyase_C	2	1	17435	1921	0.208227185397218	0.347655230452297
P53	2	1	17435	1921	0.208227185397218	0.347655230452297
Peptidase_M22	2	1	17435	1921	0.208227185397218	0.347655230452297
PHD_4	2	1	17435	1921	0.208227185397218	0.347655230452297
PI3_PI4_kinase	14	3	17435	1921	0.194475766364494	0.347655230452297
PI3K_rbd	2	1	17435	1921	0.208227185397218	0.347655230452297
PINIT	2	1	17435	1921	0.208227185397218	0.347655230452297
PIP49_C	2	1	17435	1921	0.208227185397218	0.347655230452297
Pre-SET	2	1	17435	1921	0.208227185397218	0.347655230452297
PRMT5_TIM	2	1	17435	1921	0.208227185397218	0.347655230452297
PRP38	2	1	17435	1921	0.208227185397218	0.347655230452297
Rad50_zn_hook	2	1	17435	1921	0.208227185397218	0.347655230452297
Rad60-SLD	2	1	17435	1921	0.208227185397218	0.347655230452297
RAP	2	1	17435	1921	0.208227185397218	0.347655230452297
Raptor_N	2	1	17435	1921	0.208227185397218	0.347655230452297
RCC1	13	3	17435	1921	0.165583617796229	0.347655230452297
ResIII	2	1	17435	1921	0.208227185397218	0.347655230452297
RFX_DNA_binding	2	1	17435	1921	0.208227185397218	0.347655230452297
RhoGEF	27	5	17435	1921	0.169938414459557	0.347655230452297
Ribosomal_L24e	2	1	17435	1921	0.208227185397218	0.347655230452297
Ribosomal_L28e	2	1	17435	1921	0.208227185397218	0.347655230452297
Ribosomal_S2	2	1	17435	1921	0.208227185397218	0.347655230452297
Ribosomal_S4	2	1	17435	1921	0.208227185397218	0.347655230452297
Ribosomal_S5	2	1	17435	1921	0.208227185397218	0.347655230452297
Ribosomal_S5_C	2	1	17435	1921	0.208227185397218	0.347655230452297
Ribosomal_S8e	2	1	17435	1921	0.208227185397218	0.347655230452297
RMI1_N	2	1	17435	1921	0.208227185397218	0.347655230452297
RNA_pol_A_bac	2	1	17435	1921	0.208227185397218	0.347655230452297
RNA_pol_L	2	1	17435	1921	0.208227185397218	0.347655230452297
RNA_POL_M_15KD	2	1	17435	1921	0.208227185397218	0.347655230452297
RNA_pol_Rpb4	2	1	17435	1921	0.208227185397218	0.347655230452297
RNA_pol_Rpc82	2	1	17435	1921	0.208227185397218	0.347655230452297
RNase_P_Rpp14	2	1	17435	1921	0.208227185397218	0.347655230452297
RQC	2	1	17435	1921	0.208227185397218	0.347655230452297
RRM_3	2	1	17435	1921	0.208227185397218	0.347655230452297
RRM_7	2	1	17435	1921	0.208227185397218	0.347655230452297
RTC	2	1	17435	1921	0.208227185397218	0.347655230452297
RTC_insert	2	1	17435	1921	0.208227185397218	0.347655230452297
RWD	7	2	17435	1921	0.175452202567906	0.347655230452297
SAND	2	1	17435	1921	0.208227185397218	0.347655230452297
SecA_DEAD	2	1	17435	1921	0.208227185397218	0.347655230452297
SH3_2	13	3	17435	1921	0.165583617796229	0.347655230452297
SOSSC	2	1	17435	1921	0.208227185397218	0.347655230452297
SSDP	2	1	17435	1921	0.208227185397218	0.347655230452297
SWIB	2	1	17435	1921	0.208227185397218	0.347655230452297
TAFH	2	1	17435	1921	0.208227185397218	0.347655230452297
TFIID_NTD2	2	1	17435	1921	0.208227185397218	0.347655230452297
tRNA_m1G_MT	2	1	17435	1921	0.208227185397218	0.347655230452297
tRNA-synt_1d	2	1	17435	1921	0.208227185397218	0.347655230452297
tRNA-synt_His	2	1	17435	1921	0.208227185397218	0.347655230452297
TruB_N	2	1	17435	1921	0.208227185397218	0.347655230452297
UbiA	2	1	17435	1921	0.208227185397218	0.347655230452297
UPA	2	1	17435	1921	0.208227185397218	0.347655230452297
WAC_Acf1_DNA_bd	2	1	17435	1921	0.208227185397218	0.347655230452297
WHIM1	2	1	17435	1921	0.208227185397218	0.347655230452297
WSD	2	1	17435	1921	0.208227185397218	0.347655230452297
YEATS	2	1	17435	1921	0.208227185397218	0.347655230452297
zf-C3Hc3H	2	1	17435	1921	0.208227185397218	0.347655230452297
zf-CCHC_2	2	1	17435	1921	0.208227185397218	0.347655230452297
zf-CCHC_3	2	1	17435	1921	0.208227185397218	0.347655230452297
zf-primase	2	1	17435	1921	0.208227185397218	0.347655230452297
5_nucleotid_C	8	2	17435	1921	0.217638494042039	0.360831709144742
Death	8	2	17435	1921	0.217638494042039	0.360831709144742
JmjC	8	2	17435	1921	0.217638494042039	0.360831709144742
STAS	8	2	17435	1921	0.217638494042039	0.360831709144742
KH_1	22	4	17435	1921	0.218644447648474	0.361867988268381
zf-MYND	23	4	17435	1921	0.243352351711736	0.402060407175912
SET	31	5	17435	1921	0.251815540782388	0.415320770387619
Amidase_2	9	2	17435	1921	0.260542362960113	0.425283925793998
FA_desaturase	9	2	17435	1921	0.260542362960113	0.425283925793998
Glyco_hydro_31	9	2	17435	1921	0.260542362960113	0.425283925793998
Mpv17_PMP22	9	2	17435	1921	0.260542362960113	0.425283925793998
Ninjurin	9	2	17435	1921	0.260542362960113	0.425283925793998
Peptidase_S28	9	2	17435	1921	0.260542362960113	0.425283925793998
2OG-FeII_Oxy	3	1	17435	1921	0.295475253822156	0.426598010837459
Arm_3	3	1	17435	1921	0.295475253822156	0.426598010837459
ATP_bind_1	3	1	17435	1921	0.295475253822156	0.426598010837459
B12D	3	1	17435	1921	0.295475253822156	0.426598010837459
BAR_3	3	1	17435	1921	0.295475253822156	0.426598010837459
bZIP_Maf	3	1	17435	1921	0.295475253822156	0.426598010837459
C_tripleX	3	1	17435	1921	0.295475253822156	0.426598010837459
Cadherin_C	3	1	17435	1921	0.295475253822156	0.426598010837459
CBF	3	1	17435	1921	0.295475253822156	0.426598010837459
Creatinase_N	3	1	17435	1921	0.295475253822156	0.426598010837459
Creatinase_N_2	3	1	17435	1921	0.295475253822156	0.426598010837459
Ctr	3	1	17435	1921	0.295475253822156	0.426598010837459
DDT	3	1	17435	1921	0.295475253822156	0.426598010837459
DUF1053	3	1	17435	1921	0.295475253822156	0.426598010837459
Exostosin	3	1	17435	1921	0.295475253822156	0.426598010837459
FAD_binding_8	3	1	17435	1921	0.295475253822156	0.426598010837459
FYRC	3	1	17435	1921	0.295475253822156	0.426598010837459
FYRN	3	1	17435	1921	0.295475253822156	0.426598010837459
Gal_Lectin	3	1	17435	1921	0.295475253822156	0.426598010837459
Glyco_tran_10_N	3	1	17435	1921	0.295475253822156	0.426598010837459
Glyco_transf_10	3	1	17435	1921	0.295475253822156	0.426598010837459
Glyco_transf_64	3	1	17435	1921	0.295475253822156	0.426598010837459
Glyco_transf_7N	3	1	17435	1921	0.295475253822156	0.426598010837459
HEAT_2	3	1	17435	1921	0.295475253822156	0.426598010837459
HEAT_EZ	3	1	17435	1921	0.295475253822156	0.426598010837459
HMG_box_2	3	1	17435	1921	0.295475253822156	0.426598010837459
IBB	3	1	17435	1921	0.295475253822156	0.426598010837459
Kinesin_assoc	3	1	17435	1921	0.295475253822156	0.426598010837459
LEM	3	1	17435	1921	0.295475253822156	0.426598010837459
Mab-21	3	1	17435	1921	0.295475253822156	0.426598010837459
MT-A70	3	1	17435	1921	0.295475253822156	0.426598010837459
mTERF	3	1	17435	1921	0.295475253822156	0.426598010837459
Myb_DNA-bind_7	3	1	17435	1921	0.295475253822156	0.426598010837459
Myosin_TH1	3	1	17435	1921	0.295475253822156	0.426598010837459
NAD_binding_6	3	1	17435	1921	0.295475253822156	0.426598010837459
NTP_transf_2	3	1	17435	1921	0.295475253822156	0.426598010837459
Nucleoporin_FG	3	1	17435	1921	0.295475253822156	0.426598010837459
Peptidase_M16_M	3	1	17435	1921	0.295475253822156	0.426598010837459
Peptidase_M24_C	3	1	17435	1921	0.295475253822156	0.426598010837459
PHD_2	3	1	17435	1921	0.295475253822156	0.426598010837459
PI3K_C2	3	1	17435	1921	0.295475253822156	0.426598010837459
PID_2	3	1	17435	1921	0.295475253822156	0.426598010837459
PseudoU_synth_1	3	1	17435	1921	0.295475253822156	0.426598010837459
PTH2	3	1	17435	1921	0.295475253822156	0.426598010837459
PUA	3	1	17435	1921	0.295475253822156	0.426598010837459
PWI	3	1	17435	1921	0.295475253822156	0.426598010837459
Ribosomal_L1	3	1	17435	1921	0.295475253822156	0.426598010837459
Ribosomal_L10	3	1	17435	1921	0.295475253822156	0.426598010837459
RNA_pol_Rpb2_1	3	1	17435	1921	0.295475253822156	0.426598010837459
RNA_pol_Rpb2_2	3	1	17435	1921	0.295475253822156	0.426598010837459
RNA_pol_Rpb2_6	3	1	17435	1921	0.295475253822156	0.426598010837459
RNA_pol_Rpb2_7	3	1	17435	1921	0.295475253822156	0.426598010837459
RNF220	3	1	17435	1921	0.295475253822156	0.426598010837459
S4	3	1	17435	1921	0.295475253822156	0.426598010837459
SAC3_GANP	3	1	17435	1921	0.295475253822156	0.426598010837459
Sacchrp_dh_NADP	3	1	17435	1921	0.295475253822156	0.426598010837459
Sas10_Utp3	3	1	17435	1921	0.295475253822156	0.426598010837459
Scramblase	3	1	17435	1921	0.295475253822156	0.426598010837459
Sina	3	1	17435	1921	0.295475253822156	0.426598010837459
SpoU_methylase	3	1	17435	1921	0.295475253822156	0.426598010837459
SprT-like	3	1	17435	1921	0.295475253822156	0.426598010837459
TBP	3	1	17435	1921	0.295475253822156	0.426598010837459
TPH	3	1	17435	1921	0.295475253822156	0.426598010837459
TPR_6	3	1	17435	1921	0.295475253822156	0.426598010837459
Tub	3	1	17435	1921	0.295475253822156	0.426598010837459
V_ATPase_I	3	1	17435	1921	0.295475253822156	0.426598010837459
VWA_2	3	1	17435	1921	0.295475253822156	0.426598010837459
XK-related	3	1	17435	1921	0.295475253822156	0.426598010837459
XTBD	3	1	17435	1921	0.295475253822156	0.426598010837459
zf-C2HC	3	1	17435	1921	0.295475253822156	0.426598010837459
zf-CCHH	3	1	17435	1921	0.295475253822156	0.426598010837459
zf-CXXC	3	1	17435	1921	0.295475253822156	0.426598010837459
zf-H2C2_5	3	1	17435	1921	0.295475253822156	0.426598010837459
zf-MIZ	3	1	17435	1921	0.295475253822156	0.426598010837459
zf-RING_9	3	1	17435	1921	0.295475253822156	0.426598010837459
Zwilch	3	1	17435	1921	0.295475253822156	0.426598010837459
AAA_5	10	2	17435	1921	0.303493934303315	0.434215719259262
GTP_EFTU_D2	10	2	17435	1921	0.303493934303315	0.434215719259262
His_Phos_2	10	2	17435	1921	0.303493934303315	0.434215719259262
Hydrolase_like	10	2	17435	1921	0.303493934303315	0.434215719259262
Sulfate_transp	10	2	17435	1921	0.303493934303315	0.434215719259262
zf-C3HC4_2	10	2	17435	1921	0.303493934303315	0.434215719259262
Pkinase_Tyr	51	7	17435	1921	0.328844614118504	0.469778020169291
AAA_6	11	2	17435	1921	0.345962103616096	0.492011973705526
Endonuclease_NS	11	2	17435	1921	0.345962103616096	0.492011973705526
ZZ	11	2	17435	1921	0.345962103616096	0.492011973705526
Bromodomain	19	3	17435	1921	0.349816209991882	0.496008058943713
Hormone_recep	19	3	17435	1921	0.349816209991882	0.496008058943713
AAA_16	4	1	17435	1921	0.373113622191111	0.509278650979247
AAA_23	4	1	17435	1921	0.373113622191111	0.509278650979247
Asparaginase_2	4	1	17435	1921	0.373113622191111	0.509278650979247
BIR	4	1	17435	1921	0.373113622191111	0.509278650979247
cEGF	4	1	17435	1921	0.373113622191111	0.509278650979247
CIDE-N	4	1	17435	1921	0.373113622191111	0.509278650979247
CPSase_L_D2	4	1	17435	1921	0.373113622191111	0.509278650979247
CRAL_TRIO_2	4	1	17435	1921	0.373113622191111	0.509278650979247
CSD	4	1	17435	1921	0.373113622191111	0.509278650979247
DNA_photolyase	4	1	17435	1921	0.373113622191111	0.509278650979247
FAD_binding_7	4	1	17435	1921	0.373113622191111	0.509278650979247
Ferric_reduct	4	1	17435	1921	0.373113622191111	0.509278650979247
Fringe	4	1	17435	1921	0.373113622191111	0.509278650979247
Glyco_transf_7C	4	1	17435	1921	0.373113622191111	0.509278650979247
IRK	4	1	17435	1921	0.373113622191111	0.509278650979247
Metallophos	28	4	17435	1921	0.372709381552705	0.509278650979247
Myb_DNA-bind_6	4	1	17435	1921	0.373113622191111	0.509278650979247
PI3Ka	4	1	17435	1921	0.373113622191111	0.509278650979247
PIN_4	4	1	17435	1921	0.373113622191111	0.509278650979247
Pou	4	1	17435	1921	0.373113622191111	0.509278650979247
RNA_pol_Rpb2_3	4	1	17435	1921	0.373113622191111	0.509278650979247
SDF	4	1	17435	1921	0.373113622191111	0.509278650979247
SIR2	4	1	17435	1921	0.373113622191111	0.509278650979247
SMC_hinge	4	1	17435	1921	0.373113622191111	0.509278650979247
Surp	4	1	17435	1921	0.373113622191111	0.509278650979247
WH1	4	1	17435	1921	0.373113622191111	0.509278650979247
AAA_7	12	2	17435	1921	0.387532114045053	0.521466725698018
AAA_9	12	2	17435	1921	0.387532114045053	0.521466725698018
Aldedh	12	2	17435	1921	0.387532114045053	0.521466725698018
BEN	12	2	17435	1921	0.387532114045053	0.521466725698018
DHC_N2	12	2	17435	1921	0.387532114045053	0.521466725698018
dsrm	12	2	17435	1921	0.387532114045053	0.521466725698018
Dynein_heavy	12	2	17435	1921	0.387532114045053	0.521466725698018
LRR_9	12	2	17435	1921	0.387532114045053	0.521466725698018
MT	12	2	17435	1921	0.387532114045053	0.521466725698018
PP2C	12	2	17435	1921	0.387532114045053	0.521466725698018
zf-C4	21	3	17435	1921	0.412372192828541	0.554106906912467
AA_permease_C	5	1	17435	1921	0.442200234076309	0.560120296496658
ADH_N_2	5	1	17435	1921	0.442200234076309	0.560120296496658
ADK	5	1	17435	1921	0.442200234076309	0.560120296496658
Alpha_adaptinC2	5	1	17435	1921	0.442200234076309	0.560120296496658
Amidohydro_1	5	1	17435	1921	0.442200234076309	0.560120296496658
DUF1298	5	1	17435	1921	0.442200234076309	0.560120296496658
DUF4780	5	1	17435	1921	0.442200234076309	0.560120296496658
E1_dh	5	1	17435	1921	0.442200234076309	0.560120296496658
EcKinase	48	6	17435	1921	0.437431732333317	0.560120296496658
EFG_II	5	1	17435	1921	0.442200234076309	0.560120296496658
Folate_carrier	5	1	17435	1921	0.442200234076309	0.560120296496658
Glutaredoxin	5	1	17435	1921	0.442200234076309	0.560120296496658
Glyco_transf_92	5	1	17435	1921	0.442200234076309	0.560120296496658
HEAT	5	1	17435	1921	0.442200234076309	0.560120296496658
IBN_N	13	2	17435	1921	0.427886386090294	0.560120296496658
Kelch_5	5	1	17435	1921	0.442200234076309	0.560120296496658
La	5	1	17435	1921	0.442200234076309	0.560120296496658
Lys	5	1	17435	1921	0.442200234076309	0.560120296496658
Na_H_Exchanger	5	1	17435	1921	0.442200234076309	0.560120296496658
NDK	5	1	17435	1921	0.442200234076309	0.560120296496658
NIF	5	1	17435	1921	0.442200234076309	0.560120296496658
Orn_DAP_Arg_deC	5	1	17435	1921	0.442200234076309	0.560120296496658
Otopetrin	5	1	17435	1921	0.442200234076309	0.560120296496658
OTU	5	1	17435	1921	0.442200234076309	0.560120296496658
PAP_assoc	5	1	17435	1921	0.442200234076309	0.560120296496658
Patched	5	1	17435	1921	0.442200234076309	0.560120296496658
Peptidase_M16	5	1	17435	1921	0.442200234076309	0.560120296496658
Peptidase_S10	5	1	17435	1921	0.442200234076309	0.560120296496658
PhoLip_ATPase_C	5	1	17435	1921	0.442200234076309	0.560120296496658
PhoLip_ATPase_N	5	1	17435	1921	0.442200234076309	0.560120296496658
Phosphodiest	5	1	17435	1921	0.442200234076309	0.560120296496658
S1	5	1	17435	1921	0.442200234076309	0.560120296496658
Sec1	5	1	17435	1921	0.442200234076309	0.560120296496658
Spc97_Spc98	5	1	17435	1921	0.442200234076309	0.560120296496658
Sterol-sensing	5	1	17435	1921	0.442200234076309	0.560120296496658
Transket_pyr	5	1	17435	1921	0.442200234076309	0.560120296496658
VWA	5	1	17435	1921	0.442200234076309	0.560120296496658
WAP	5	1	17435	1921	0.442200234076309	0.560120296496658
WH2	5	1	17435	1921	0.442200234076309	0.560120296496658
zf-C2H2_jaz	13	2	17435	1921	0.427886386090294	0.560120296496658
zf-C3HC4	5	1	17435	1921	0.442200234076309	0.560120296496658
zf-HC5HC2H_2	5	1	17435	1921	0.442200234076309	0.560120296496658
ZU5	5	1	17435	1921	0.442200234076309	0.560120296496658
ABC_tran	58	7	17435	1921	0.459790153668152	0.581625360831884
PWWP	14	2	17435	1921	0.466788156044593	0.588128313318785
SSF	14	2	17435	1921	0.466788156044593	0.588128313318785
Tubulin_C	14	2	17435	1921	0.466788156044593	0.588128313318785
Tetraspannin	23	3	17435	1921	0.472902049041916	0.595042313364
Aminotran_5	6	1	17435	1921	0.503676616769333	0.615029287828877
Astacin	24	3	17435	1921	0.502082606050497	0.615029287828877
Cation_efflux	6	1	17435	1921	0.503676616769333	0.615029287828877
CNH	6	1	17435	1921	0.503676616769333	0.615029287828877
Cupin_8	6	1	17435	1921	0.503676616769333	0.615029287828877
DPPIV_N	6	1	17435	1921	0.503676616769333	0.615029287828877
EFG_C	6	1	17435	1921	0.503676616769333	0.615029287828877
FATC	6	1	17435	1921	0.503676616769333	0.615029287828877
GPHH	6	1	17435	1921	0.503676616769333	0.615029287828877
Hist_deacetyl	6	1	17435	1921	0.503676616769333	0.615029287828877
Hydrolase	6	1	17435	1921	0.503676616769333	0.615029287828877
Kazal_1	6	1	17435	1921	0.503676616769333	0.615029287828877
Lipocalin_2	6	1	17435	1921	0.503676616769333	0.615029287828877
Methyltransf_11	6	1	17435	1921	0.503676616769333	0.615029287828877
Methyltransf_32	6	1	17435	1921	0.503676616769333	0.615029287828877
MIT	6	1	17435	1921	0.503676616769333	0.615029287828877
Orn_Arg_deC_N	6	1	17435	1921	0.503676616769333	0.615029287828877
PrmA	6	1	17435	1921	0.503676616769333	0.615029287828877
PRP4	6	1	17435	1921	0.503676616769333	0.615029287828877
RNase_T	6	1	17435	1921	0.503676616769333	0.615029287828877
SAM_PNT	6	1	17435	1921	0.503676616769333	0.615029287828877
TPR_2	6	1	17435	1921	0.503676616769333	0.615029287828877
zf-Di19	6	1	17435	1921	0.503676616769333	0.615029287828877
ARID	7	1	17435	1921	0.558380685802904	0.668087722308261
CBFD_NFYB_HMF	7	1	17435	1921	0.558380685802904	0.668087722308261
DAGK_cat	7	1	17435	1921	0.558380685802904	0.668087722308261
FAT	7	1	17435	1921	0.558380685802904	0.668087722308261
FH2	7	1	17435	1921	0.558380685802904	0.668087722308261
Frizzled	7	1	17435	1921	0.558380685802904	0.668087722308261
Galactosyl_T	7	1	17435	1921	0.558380685802904	0.668087722308261
GATA	7	1	17435	1921	0.558380685802904	0.668087722308261
GTP_EFTU_D3	7	1	17435	1921	0.558380685802904	0.668087722308261
MIP	7	1	17435	1921	0.558380685802904	0.668087722308261
Myotub-related	7	1	17435	1921	0.558380685802904	0.668087722308261
Peptidase_M16_C	7	1	17435	1921	0.558380685802904	0.668087722308261
Peptidase_M2	7	1	17435	1921	0.558380685802904	0.668087722308261
Peptidase_S9	7	1	17435	1921	0.558380685802904	0.668087722308261
Tnp_P_element	7	1	17435	1921	0.558380685802904	0.668087722308261
TPR_19	7	1	17435	1921	0.558380685802904	0.668087722308261
FYVE	17	2	17435	1921	0.573344668148379	0.685128848730768
BTB	65	7	17435	1921	0.58434261546834	0.697393824993622
Adaptin_N	8	1	17435	1921	0.607058141768742	0.710228121527469
Amino_oxidase	8	1	17435	1921	0.607058141768742	0.710228121527469
Calpain_III	8	1	17435	1921	0.607058141768742	0.710228121527469
CENP-B_N	8	1	17435	1921	0.607058141768742	0.710228121527469
Cytochrom_B561	8	1	17435	1921	0.607058141768742	0.710228121527469
Fer2	8	1	17435	1921	0.607058141768742	0.710228121527469
FKBP_C	8	1	17435	1921	0.607058141768742	0.710228121527469
Gelsolin	8	1	17435	1921	0.607058141768742	0.710228121527469
Ldl_recept_b	8	1	17435	1921	0.607058141768742	0.710228121527469
Myb_DNA-bind_5	8	1	17435	1921	0.607058141768742	0.710228121527469
Myosin_head	18	2	17435	1921	0.605239110910118	0.710228121527469
PAS_11	8	1	17435	1921	0.607058141768742	0.710228121527469
Rhodanese	8	1	17435	1921	0.607058141768742	0.710228121527469
Ribosomal_60s	8	1	17435	1921	0.607058141768742	0.710228121527469
Ribosomal_L7Ae	8	1	17435	1921	0.607058141768742	0.710228121527469
zf-UBP	8	1	17435	1921	0.607058141768742	0.710228121527469
AMP-binding	38	4	17435	1921	0.615330159166628	0.718530106660128
p450	152	16	17435	1921	0.615666849285625	0.718530106660128
Forkhead	19	2	17435	1921	0.635288863959322	0.736904054653671
GTP_EFTU	19	2	17435	1921	0.635288863959322	0.736904054653671
LSM	19	2	17435	1921	0.635288863959322	0.736904054653671
SH2	29	3	17435	1921	0.633920436319852	0.736904054653671
SNF	19	2	17435	1921	0.635288863959322	0.736904054653671
Mito_carr	39	4	17435	1921	0.636250462721757	0.737119438519109
Cation_ATPase	9	1	17435	1921	0.650372614119821	0.74261296083393
Ets	9	1	17435	1921	0.650372614119821	0.74261296083393
Myb_DNA-bind_4	9	1	17435	1921	0.650372614119821	0.74261296083393
Myb_DNA-binding	9	1	17435	1921	0.650372614119821	0.74261296083393
PAS	9	1	17435	1921	0.650372614119821	0.74261296083393
PDEase_I	9	1	17435	1921	0.650372614119821	0.74261296083393
Peptidase_C2	9	1	17435	1921	0.650372614119821	0.74261296083393
Pkinase_C	9	1	17435	1921	0.650372614119821	0.74261296083393
SCP2	9	1	17435	1921	0.650372614119821	0.74261296083393
SOCS_box	9	1	17435	1921	0.650372614119821	0.74261296083393
Vitellogenin_N	9	1	17435	1921	0.650372614119821	0.74261296083393
zf-RanBP	9	1	17435	1921	0.650372614119821	0.74261296083393
Ank_4	30	3	17435	1921	0.657165117410445	0.74946802105633
ABC2_membrane	20	2	17435	1921	0.663513036613672	0.753992087060991
HMG_box	20	2	17435	1921	0.663513036613672	0.753992087060991
IQ	20	2	17435	1921	0.663513036613672	0.753992087060991
LRR_8	129	13	17435	1921	0.675430110351905	0.766617210076833
Alpha-amylase_C	10	1	17435	1921	0.688914689654988	0.772690620038062
bZIP_2	10	1	17435	1921	0.688914689654988	0.772690620038062
DAO	10	1	17435	1921	0.688914689654988	0.772690620038062
E1-E2_ATPase	10	1	17435	1921	0.688914689654988	0.772690620038062
FAD_binding_5	10	1	17435	1921	0.688914689654988	0.772690620038062
Fer2_2	10	1	17435	1921	0.688914689654988	0.772690620038062
Fz	10	1	17435	1921	0.688914689654988	0.772690620038062
Na_Ca_ex	10	1	17435	1921	0.688914689654988	0.772690620038062
Peptidase_M24	10	1	17435	1921	0.688914689654988	0.772690620038062
Piwi	10	1	17435	1921	0.688914689654988	0.772690620038062
ABC_membrane	21	2	17435	1921	0.689948914906844	0.772938053256488
AMP-binding_C	32	3	17435	1921	0.700403865949941	0.783726351769663
COesterase	63	6	17435	1921	0.706951699611306	0.790122487800872
AAA_8	11	1	17435	1921	0.723209948258877	0.797966841865196
Ald_Xan_dh_C	11	1	17435	1921	0.723209948258877	0.797966841865196
Ald_Xan_dh_C2	11	1	17435	1921	0.723209948258877	0.797966841865196
Aldo_ket_red	11	1	17435	1921	0.723209948258877	0.797966841865196
ANAPC4_WD40	11	1	17435	1921	0.723209948258877	0.797966841865196
BESS	11	1	17435	1921	0.723209948258877	0.797966841865196
CO_deh_flav_C	11	1	17435	1921	0.723209948258877	0.797966841865196
ECH_1	11	1	17435	1921	0.723209948258877	0.797966841865196
FA_hydroxylase	11	1	17435	1921	0.723209948258877	0.797966841865196
PAZ	11	1	17435	1921	0.723209948258877	0.797966841865196
Peptidase_C1	11	1	17435	1921	0.723209948258877	0.797966841865196
ANF_receptor	23	2	17435	1921	0.73767112597438	0.809223521565428
Arrestin_C	23	2	17435	1921	0.73767112597438	0.809223521565428
Arrestin_N	23	2	17435	1921	0.73767112597438	0.809223521565428
C1_1	23	2	17435	1921	0.73767112597438	0.809223521565428
UCH	23	2	17435	1921	0.73767112597438	0.809223521565428
Acyl-CoA_dh_1	12	1	17435	1921	0.753726115005588	0.823981368533152
Acyl-CoA_dh_N	12	1	17435	1921	0.753726115005588	0.823981368533152
LRR_5	12	1	17435	1921	0.753726115005588	0.823981368533152
BACK	24	2	17435	1921	0.759088264149278	0.82793783116167
EGF_CA	24	2	17435	1921	0.759088264149278	0.82793783116167
PH	47	4	17435	1921	0.775980999022735	0.845392143430732
CD36	13	1	17435	1921	0.780879425748529	0.846844126097149
CH	25	2	17435	1921	0.77897340250642	0.846844126097149
Kelch_1	13	1	17435	1921	0.780879425748529	0.846844126097149
TPR_16	13	1	17435	1921	0.780879425748529	0.846844126097149
CAP	26	2	17435	1921	0.797403942802376	0.860833801888929
LRR_6	26	2	17435	1921	0.797403942802376	0.860833801888929
SH3_9	26	2	17435	1921	0.797403942802376	0.860833801888929
Tubulin	26	2	17435	1921	0.797403942802376	0.860833801888929
7tm_2	14	1	17435	1921	0.805040292648832	0.866124890165788
Cyt-b5	14	1	17435	1921	0.805040292648832	0.866124890165788
MRJP	14	1	17435	1921	0.805040292648832	0.866124890165788
SH3_1	27	2	17435	1921	0.81445883578599	0.875266848412546
Homeobox	93	8	17435	1921	0.817583667093056	0.877632185015144
LRR_1	15	1	17435	1921	0.826538346596458	0.885244001427999
Y_phosphatase	15	1	17435	1921	0.826538346596458	0.885244001427999
Acyl-CoA_dh_M	16	1	17435	1921	0.845666925022876	0.902678178395205
Laminin_G_2	16	1	17435	1921	0.845666925022876	0.902678178395205
NACHT	16	1	17435	1921	0.845666925022876	0.902678178395205
LIM	30	2	17435	1921	0.858157287467402	0.914982517501719
Acetyltransf_1	17	1	17435	1921	0.862687066077532	0.916725629500734
HSP70	17	1	17435	1921	0.862687066077532	0.916725629500734
Sulfotransfer_1	17	1	17435	1921	0.862687066077532	0.916725629500734
Actin	18	1	17435	1921	0.877831063440321	0.929698450689304
HSP20	18	1	17435	1921	0.877831063440321	0.929698450689304
PX	18	1	17435	1921	0.877831063440321	0.929698450689304
CRAL_TRIO	45	3	17435	1921	0.886534449491294	0.937870520063173
cNMP_binding	19	1	17435	1921	0.891305630078155	0.941812923085139
HTH_Tnp_Tc5	33	2	17435	1921	0.892243821870132	0.941812923085139
Acyl_transf_3	34	2	17435	1921	0.901799162565152	0.948209920715438
ADH_zinc_N	20	1	17435	1921	0.903294713944707	0.948209920715438
UDPGT	34	2	17435	1921	0.901799162565152	0.948209920715438
V-set	20	1	17435	1921	0.903294713944707	0.948209920715438
WW	20	1	17435	1921	0.903294713944707	0.948209920715438
Glyco_hydro_18	21	1	17435	1921	0.9139620038966	0.958348679582527
7tm_1	86	6	17435	1921	0.923033946019633	0.964044507580204
FERM_M	22	1	17435	1921	0.923453159892616	0.964044507580204
Neur_chan_memb	22	1	17435	1921	0.923453159892616	0.964044507580204
PHD	22	1	17435	1921	0.923453159892616	0.964044507580204
Alpha-amylase	23	1	17435	1921	0.931897797797991	0.971792434586269
CBM_14	101	7	17435	1921	0.938094273814685	0.972157617640067
DDE_1	52	3	17435	1921	0.936114223822503	0.972157617640067
GST_C	24	1	17435	1921	0.939411255782717	0.972157617640067
JHBP	24	1	17435	1921	0.939411255782717	0.972157617640067
Sterile	24	1	17435	1921	0.939411255782717	0.972157617640067
TPR_8	24	1	17435	1921	0.939411255782717	0.972157617640067
UQ_con	24	1	17435	1921	0.939411255782717	0.972157617640067
Abhydrolase_1	25	1	17435	1921	0.946096166335896	0.973771785502819
GST_N_3	25	1	17435	1921	0.946096166335896	0.973771785502819
RabGAP-TBC	25	1	17435	1921	0.946096166335896	0.973771785502819
Thioredoxin	25	1	17435	1921	0.946096166335896	0.973771785502819
zf-C3HC4_3	25	1	17435	1921	0.946096166335896	0.973771785502819
Ank_2	93	6	17435	1921	0.951773169752129	0.974613860466999
CUB	26	1	17435	1921	0.952043855277237	0.974613860466999
EGF	26	1	17435	1921	0.952043855277237	0.974613860466999
Lipase	41	2	17435	1921	0.949481372110133	0.974613860466999
Neur_chan_LBD	26	1	17435	1921	0.952043855277237	0.974613860466999
MFS_1	69	4	17435	1921	0.954260742689442	0.975831760554327
NAD_binding_4	27	1	17435	1921	0.957335586796131	0.977923448877768
Ion_trans	43	2	17435	1921	0.958389706064029	0.977948679657172
fn3	44	2	17435	1921	0.962258628198739	0.980843022305582
Ldl_recept_a	29	1	17435	1921	0.966232452241778	0.983837973879624
Ras	60	3	17435	1921	0.967910025943368	0.984490925745396
Sugar_tr	61	3	17435	1921	0.970616622175604	0.986188011836175
Ank	31	1	17435	1921	0.973274804656223	0.987832333785697
DDE_Tnp_4	48	2	17435	1921	0.974548639416212	0.988069591724015
ASC	33	1	17435	1921	0.978849050398648	0.990315865685533
DnaJ	33	1	17435	1921	0.978849050398648	0.990315865685533
HLH	53	2	17435	1921	0.98455891869398	0.995032949743916
Linker_histone	88	4	17435	1921	0.990490236024831	0.999963575157905
adh_short	66	2	17435	1921	0.99591310362775	0.999999996963816
CENP-T_C	95	1	17435	1921	0.999985214037711	0.999999996963816
EF-hand_7	47	1	17435	1921	0.995889962778445	0.999999996963816
Histone	259	5	17435	1921	0.999999996963816	0.999999996963816
I-set	93	3	17435	1921	0.998524213408055	0.999999996963816
Ig_3	92	1	17435	1921	0.999978971440252	0.999999996963816
PBP_GOBP	78	1	17435	1921	0.999891294489933	0.999999996963816
PDZ	63	2	17435	1921	0.994427565974488	0.999999996963816
Trypsin	324	23	17435	1921	0.993613374688736	0.999999996963816
