annot	freq_in_pop	freq_in_int	total_ano_in_pop	total_ano_in_int	pval	pval_adj
I-set	93	53	17435	3720	6.46378172972601e-14	8.59682970053559e-11
ABC2_membrane	20	17	17435	3720	2.22678808848936e-09	1.48081407884543e-06
Neur_chan_LBD	26	19	17435	3720	2.35247380196511e-08	1.04293005220453e-05
CRAL_TRIO	45	26	17435	3720	1.08302525471705e-07	3.60105897193418e-05
Ion_trans	43	25	17435	3720	1.60879347546414e-07	4.27939064473462e-05
Neur_chan_memb	22	16	17435	3720	3.52528247125611e-07	7.30451217650927e-05
UDPGT	34	21	17435	3720	3.84448009289961e-07	7.30451217650927e-05
Ig_3	92	41	17435	3720	4.94261408459288e-07	8.21709591563566e-05
TSP_1	17	13	17435	3720	1.84662329522598e-06	0.000272889886961173
Sterile	24	16	17435	3720	2.22956014172645e-06	0.000296531498849617
NAD_binding_4	27	17	17435	3720	3.46049016089754e-06	0.000418404719453975
Collagen	10	9	17435	3720	7.35144612336179e-06	0.000814785278672598
EGF	26	16	17435	3720	1.03416434752342e-05	0.00105802967862011
ABC_tran	58	27	17435	3720	1.61907256092361e-05	0.00153811893287743
Guanylate_kin	9	8	17435	3720	3.1151421652132e-05	0.00276209271982237
p450	152	54	17435	3720	3.80948824702075e-05	0.00316663710533599
Laminin_G_2	16	11	17435	3720	6.1090751971438e-05	0.00477945294835368
JHBP	24	14	17435	3720	8.63227977247391e-05	0.00637829560966128
SNF	19	12	17435	3720	9.64022067099033e-05	0.00674815446969323
LRR_1	15	10	17435	3720	0.000199340801241796	0.0132561632825795
PDZ	63	26	17435	3720	0.00027279145779566	0.0172767923270585
fn3	44	20	17435	3720	0.000297368933873281	0.017977303729612
Chitin_bind_4	201	64	17435	3720	0.000316806627988325	0.0183196876184553
Claudin_2	5	5	17435	3720	0.000441251430604356	0.0225717077962998
ig	5	5	17435	3720	0.000441251430604356	0.0225717077962998
NACHT	16	10	17435	3720	0.000429757550025727	0.0225717077962998
Pep_M12B_propep	9	7	17435	3720	0.000477947407177958	0.0235433352424698
CRAL_TRIO_N	7	6	17435	3720	0.000538087622515632	0.0246778116533031
Laminin_N	7	6	17435	3720	0.000538087622515632	0.0246778116533031
FERM_M	22	12	17435	3720	0.000647812306434758	0.0287196789186076
EF-hand_7	47	20	17435	3720	0.000847906159108282	0.0363779094069037
7tm_3	12	8	17435	3720	0.000916540035805454	0.0369393408370077
LRR_5	12	8	17435	3720	0.000916540035805454	0.0369393408370077
ANF_receptor	23	12	17435	3720	0.0010927190843028	0.0427445994741979
Ank_2	93	33	17435	3720	0.00116976287214834	0.0432162394432582
EcKinase	48	20	17435	3720	0.00116518788473015	0.0432162394432582
DOMON	10	7	17435	3720	0.0012983382684697	0.0454418393964395
Laminin_G_1	10	7	17435	3720	0.0012983382684697	0.0454418393964395
adh_short	66	25	17435	3720	0.00157376180705294	0.0536693129071901
ADAM_spacer1	4	4	17435	3720	0.0020698206907601	0.0539776768374693
Ank_4	30	14	17435	3720	0.00173601947164636	0.0539776768374693
Cadherin	21	11	17435	3720	0.00169218568511045	0.0539776768374693
CD36	13	8	17435	3720	0.00193728679158352	0.0539776768374693
EF-hand_6	4	4	17435	3720	0.0020698206907601	0.0539776768374693
EGF_CA	24	12	17435	3720	0.00176386090761329	0.0539776768374693
FAD-oxidase_C	4	4	17435	3720	0.0020698206907601	0.0539776768374693
Ig_2	13	8	17435	3720	0.00193728679158352	0.0539776768374693
Lipase_GDSL	4	4	17435	3720	0.0020698206907601	0.0539776768374693
PG_binding_1	4	4	17435	3720	0.0020698206907601	0.0539776768374693
PLAC	4	4	17435	3720	0.0020698206907601	0.0539776768374693
Reprolysin	8	6	17435	3720	0.00176103223475558	0.0539776768374693
Annexin	6	5	17435	3720	0.0021772707566912	0.0546371718188547
G-gamma	6	5	17435	3720	0.0021772707566912	0.0546371718188547
Ank	31	14	17435	3720	0.00255035860597182	0.0628143878878243
CH	25	12	17435	3720	0.00273901699247461	0.0650516535712719
ELO	22	11	17435	3720	0.00273655906378615	0.0650516535712719
Laminin_EGF	11	7	17435	3720	0.00291228367593489	0.0656497845592102
Lipase	41	17	17435	3720	0.00284235377800208	0.0656497845592102
Sushi	11	7	17435	3720	0.00291228367593489	0.0656497845592102
Proteasome	14	8	17435	3720	0.00367768871905384	0.0815220999390267
C2-set_2	29	13	17435	3720	0.0039026477852862	0.0850905172857484
Alpha-amylase	23	11	17435	3720	0.00424341237831253	0.0885412079012523
Peptidase_C2	9	6	17435	3720	0.00432720188991083	0.0885412079012523
PP-binding	9	6	17435	3720	0.00432720188991083	0.0885412079012523
V-set	20	10	17435	3720	0.00425994204730842	0.0885412079012523
EF-hand_8	15	8	17435	3720	0.00641681621158474	0.127378590468772
LRR_8	129	40	17435	3720	0.00639725330651174	0.127378590468772
CBM_14	101	32	17435	3720	0.009809118182326	0.148251445255609
COLFI	3	3	17435	3720	0.00970705253735004	0.148251445255609
DUF4786	3	3	17435	3720	0.00970705253735004	0.148251445255609
Eclosion	3	3	17435	3720	0.00970705253735004	0.148251445255609
F5_F8_type_C	5	4	17435	3720	0.00858409773138307	0.148251445255609
FAA_hydrolase	3	3	17435	3720	0.00970705253735004	0.148251445255609
FAD_binding_4	5	4	17435	3720	0.00858409773138307	0.148251445255609
Glyco_hydro_35	3	3	17435	3720	0.00970705253735004	0.148251445255609
Glyco_tran_10_N	3	3	17435	3720	0.00970705253735004	0.148251445255609
Glyco_transf_10	3	3	17435	3720	0.00970705253735004	0.148251445255609
Laminin_G_3	3	3	17435	3720	0.00970705253735004	0.148251445255609
MAM	3	3	17435	3720	0.00970705253735004	0.148251445255609
Na_Ca_ex	10	6	17435	3720	0.00887049732207252	0.148251445255609
Polysacc_deac_1	3	3	17435	3720	0.00970705253735004	0.148251445255609
Proton_antipo_M	3	3	17435	3720	0.00970705253735004	0.148251445255609
Retinin_C	3	3	17435	3720	0.00970705253735004	0.148251445255609
Somatomedin_B	3	3	17435	3720	0.00970705253735004	0.148251445255609
SPARC_Ca_bdg	3	3	17435	3720	0.00970705253735004	0.148251445255609
Troponin	3	3	17435	3720	0.00970705253735004	0.148251445255609
VWC	5	4	17435	3720	0.00858409773138307	0.148251445255609
WAP	5	4	17435	3720	0.00858409773138307	0.148251445255609
Ldl_recept_a	29	12	17435	3720	0.0116801133851624	0.174545514632202
CUB	26	11	17435	3720	0.0128845268543367	0.188312315563383
LRR_6	26	11	17435	3720	0.0128845268543367	0.188312315563383
Calpain_III	8	5	17435	3720	0.0137988891877544	0.191172110622014
EF-hand_1	8	5	17435	3720	0.0137988891877544	0.191172110622014
EF-hand_5	8	5	17435	3720	0.0137988891877544	0.191172110622014
hEGF	8	5	17435	3720	0.0137988891877544	0.191172110622014
Zona_pellucida	8	5	17435	3720	0.0137988891877544	0.191172110622014
Trypsin	324	86	17435	3720	0.0140506646271962	0.192653442826505
LIM	30	12	17435	3720	0.0157605348408713	0.213892972840396
Sulfotransfer_1	17	8	17435	3720	0.0161120310697164	0.216454558815383
7tm_2	14	7	17435	3720	0.0165293827797543	0.219840790970732
COesterase	63	21	17435	3720	0.0183238666783859	0.241294482002507
Aa_trans	21	9	17435	3720	0.0216796223438098	0.252928927344447
AMP-binding	38	14	17435	3720	0.0207350075094717	0.252928927344447
Cu2_monoox_C	6	4	17435	3720	0.0213977516807668	0.252928927344447
Cu2_monooxygen	6	4	17435	3720	0.0213977516807668	0.252928927344447
Disintegrin	6	4	17435	3720	0.0213977516807668	0.252928927344447
GD_N	6	4	17435	3720	0.0213977516807668	0.252928927344447
Glyco_hydro_18	21	9	17435	3720	0.0216796223438098	0.252928927344447
GPHH	6	4	17435	3720	0.0213977516807668	0.252928927344447
Innexin	6	4	17435	3720	0.0213977516807668	0.252928927344447
KAsynt_C_assoc	6	4	17435	3720	0.0213977516807668	0.252928927344447
Laminin_B	6	4	17435	3720	0.0213977516807668	0.252928927344447
MFS_1_like	6	4	17435	3720	0.0213977516807668	0.252928927344447
Thioesterase	6	4	17435	3720	0.0213977516807668	0.252928927344447
Lectin_C	42	15	17435	3720	0.0228216329141141	0.263937145876276
Actin	18	8	17435	3720	0.0236750901600872	0.271447154421689
DHC_N1	9	5	17435	3720	0.0256384983100588	0.28897629451168
Spectrin	9	5	17435	3720	0.0256384983100588	0.28897629451168
BTB_2	12	6	17435	3720	0.0263343826227593	0.294325452842604
AMP-binding_C	32	12	17435	3720	0.0270151646744536	0.299418075141861
Cuticle_4	22	9	17435	3720	0.0298977304098964	0.328627945827787
ADAM_CR	4	3	17435	3720	0.0326187480771198	0.328658598049768
Ca_chan_IQ	4	3	17435	3720	0.0326187480771198	0.328658598049768
Calponin	4	3	17435	3720	0.0326187480771198	0.328658598049768
EGF_3	4	3	17435	3720	0.0326187480771198	0.328658598049768
HNOB	4	3	17435	3720	0.0326187480771198	0.328658598049768
HRM	4	3	17435	3720	0.0326187480771198	0.328658598049768
HYR	4	3	17435	3720	0.0326187480771198	0.328658598049768
Integrin_alpha2	4	3	17435	3720	0.0326187480771198	0.328658598049768
L27	4	3	17435	3720	0.0326187480771198	0.328658598049768
SDF	4	3	17435	3720	0.0326187480771198	0.328658598049768
Transferrin	4	3	17435	3720	0.0326187480771198	0.328658598049768
ACAS_N	2	2	17435	3720	0.0455145365475049	0.329218357432945
Band_3_cyto	2	2	17435	3720	0.0455145365475049	0.329218357432945
Band_7	7	4	17435	3720	0.0415611157989491	0.329218357432945
BetaGal_dom4_5	2	2	17435	3720	0.0455145365475049	0.329218357432945
C4	2	2	17435	3720	0.0455145365475049	0.329218357432945
CAP	26	10	17435	3720	0.03516211558235	0.329218357432945
CLCA	2	2	17435	3720	0.0455145365475049	0.329218357432945
Cu-oxidase	7	4	17435	3720	0.0415611157989491	0.329218357432945
Cu-oxidase_2	7	4	17435	3720	0.0415611157989491	0.329218357432945
Cu-oxidase_3	7	4	17435	3720	0.0415611157989491	0.329218357432945
CUT	2	2	17435	3720	0.0455145365475049	0.329218357432945
DEP	7	4	17435	3720	0.0415611157989491	0.329218357432945
Destabilase	2	2	17435	3720	0.0455145365475049	0.329218357432945
DUF4203	2	2	17435	3720	0.0455145365475049	0.329218357432945
DUF4481	2	2	17435	3720	0.0455145365475049	0.329218357432945
DUF4749	2	2	17435	3720	0.0455145365475049	0.329218357432945
EMI	2	2	17435	3720	0.0455145365475049	0.329218357432945
Ephrin_rec_like	2	2	17435	3720	0.0455145365475049	0.329218357432945
FAD_binding_2	2	2	17435	3720	0.0455145365475049	0.329218357432945
Flot	2	2	17435	3720	0.0455145365475049	0.329218357432945
Gln-synt_C	2	2	17435	3720	0.0455145365475049	0.329218357432945
Glyco_hydro_15	2	2	17435	3720	0.0455145365475049	0.329218357432945
Glyco_transf_29	2	2	17435	3720	0.0455145365475049	0.329218357432945
Glyoxalase	2	2	17435	3720	0.0455145365475049	0.329218357432945
HCO3_cotransp	2	2	17435	3720	0.0455145365475049	0.329218357432945
Ion_trans_2	13	6	17435	3720	0.0402465370856352	0.329218357432945
IQ	20	8	17435	3720	0.0455459983215502	0.329218357432945
Kazal_2	10	5	17435	3720	0.0424064992980451	0.329218357432945
ketoacyl-synt	7	4	17435	3720	0.0415611157989491	0.329218357432945
Ketoacyl-synt_C	7	4	17435	3720	0.0415611157989491	0.329218357432945
KR	7	4	17435	3720	0.0415611157989491	0.329218357432945
Melibiase_2	2	2	17435	3720	0.0455145365475049	0.329218357432945
Melibiase_2_C	2	2	17435	3720	0.0455145365475049	0.329218357432945
MPC	2	2	17435	3720	0.0455145365475049	0.329218357432945
Myofilin	2	2	17435	3720	0.0455145365475049	0.329218357432945
Myosin_tail_1	7	4	17435	3720	0.0415611157989491	0.329218357432945
NTR	2	2	17435	3720	0.0455145365475049	0.329218357432945
Oxidored_q6	2	2	17435	3720	0.0455145365475049	0.329218357432945
PC_rep	2	2	17435	3720	0.0455145365475049	0.329218357432945
PDGF	2	2	17435	3720	0.0455145365475049	0.329218357432945
PID	10	5	17435	3720	0.0424064992980451	0.329218357432945
PMT	2	2	17435	3720	0.0455145365475049	0.329218357432945
PMT_4TMC	2	2	17435	3720	0.0455145365475049	0.329218357432945
Proteasome_A_N	7	4	17435	3720	0.0415611157989491	0.329218357432945
Sarcoglycan_1	2	2	17435	3720	0.0455145365475049	0.329218357432945
SelP_N	2	2	17435	3720	0.0455145365475049	0.329218357432945
SH3_2	13	6	17435	3720	0.0402465370856352	0.329218357432945
Sprouty	2	2	17435	3720	0.0455145365475049	0.329218357432945
Tropomyosin	2	2	17435	3720	0.0455145365475049	0.329218357432945
TSP_3	2	2	17435	3720	0.0455145365475049	0.329218357432945
TSP_C	2	2	17435	3720	0.0455145365475049	0.329218357432945
UDPGP	2	2	17435	3720	0.0455145365475049	0.329218357432945
MFS_1	69	21	17435	3720	0.0486150706260946	0.349502940176788
HSP70	17	7	17435	3720	0.0515909869641621	0.368903293883525
GMC_oxred_C	24	9	17435	3720	0.0523204258940386	0.37013918318655
GMC_oxred_N	24	9	17435	3720	0.0523204258940386	0.37013918318655
2-oxoacid_dh	3	2	17435	3720	0.117129504567815	0.394130580250454
2-oxogl_dehyd_N	1	1	17435	3720	0.213363923143103	0.394130580250454
2Fe-2S_thioredx	1	1	17435	3720	0.213363923143103	0.394130580250454
4HBT	1	1	17435	3720	0.213363923143103	0.394130580250454
4HBT_2	4	2	17435	3720	0.201640261058509	0.394130580250454
7tm_1	86	24	17435	3720	0.0898596624742875	0.394130580250454
7TM_GPCR_Srw	3	2	17435	3720	0.117129504567815	0.394130580250454
AA_kinase	1	1	17435	3720	0.213363923143103	0.394130580250454
AA_permease_2	11	4	17435	3720	0.191868311467716	0.394130580250454
AAA_28	1	1	17435	3720	0.213363923143103	0.394130580250454
AAA_5	10	4	17435	3720	0.14551436328499	0.394130580250454
AAA_6	11	5	17435	3720	0.0643949539652179	0.394130580250454
AAA_7	12	5	17435	3720	0.0915810763526884	0.394130580250454
AAA_8	11	5	17435	3720	0.0643949539652179	0.394130580250454
AAA_9	12	5	17435	3720	0.0915810763526884	0.394130580250454
Abdominal-A	1	1	17435	3720	0.213363923143103	0.394130580250454
Abhydrolase_1	25	8	17435	3720	0.14532915771565	0.394130580250454
Abhydrolase_6	1	1	17435	3720	0.213363923143103	0.394130580250454
AcetylCoA_hyd_C	1	1	17435	3720	0.213363923143103	0.394130580250454
AcetylCoA_hydro	1	1	17435	3720	0.213363923143103	0.394130580250454
Acetyltransf_1	17	6	17435	3720	0.134904092993771	0.394130580250454
ACOX	4	2	17435	3720	0.201640261058509	0.394130580250454
Acyl_transf_3	34	10	17435	3720	0.171766873761692	0.394130580250454
Acyl-CoA_dh_M	16	6	17435	3720	0.105499467336262	0.394130580250454
ADAM17_MPD	1	1	17435	3720	0.213363923143103	0.394130580250454
AdenylateSensor	1	1	17435	3720	0.213363923143103	0.394130580250454
ADH_zinc_N_2	4	2	17435	3720	0.201640261058509	0.394130580250454
Adipokin_hormo	1	1	17435	3720	0.213363923143103	0.394130580250454
AFG1_ATPase	1	1	17435	3720	0.213363923143103	0.394130580250454
Aldo_ket_red	11	4	17435	3720	0.191868311467716	0.394130580250454
Allantoicase	1	1	17435	3720	0.213363923143103	0.394130580250454
Allatostatin	1	1	17435	3720	0.213363923143103	0.394130580250454
Alpha_L_fucos	1	1	17435	3720	0.213363923143103	0.394130580250454
Alpha-amylase_C	10	4	17435	3720	0.14551436328499	0.394130580250454
Aminotran_3	4	2	17435	3720	0.201640261058509	0.394130580250454
Aminotran_5	6	3	17435	3720	0.115943695510683	0.394130580250454
An_peroxidase	15	6	17435	3720	0.079805419007141	0.394130580250454
Ank_5	11	4	17435	3720	0.191868311467716	0.394130580250454
Antistasin	1	1	17435	3720	0.213363923143103	0.394130580250454
AP_endonuc_2	1	1	17435	3720	0.213363923143103	0.394130580250454
APG12	1	1	17435	3720	0.213363923143103	0.394130580250454
APG6	1	1	17435	3720	0.213363923143103	0.394130580250454
ApoO	1	1	17435	3720	0.213363923143103	0.394130580250454
APP_amyloid	1	1	17435	3720	0.213363923143103	0.394130580250454
APP_Cu_bd	1	1	17435	3720	0.213363923143103	0.394130580250454
APP_E2	1	1	17435	3720	0.213363923143103	0.394130580250454
APP_N	1	1	17435	3720	0.213363923143103	0.394130580250454
APS_kinase	1	1	17435	3720	0.213363923143103	0.394130580250454
ARL6IP6	1	1	17435	3720	0.213363923143103	0.394130580250454
Arrestin_C	23	7	17435	3720	0.203673525142097	0.394130580250454
Arrestin_N	23	7	17435	3720	0.203673525142097	0.394130580250454
Asp_Arg_Hydrox	1	1	17435	3720	0.213363923143103	0.394130580250454
ATG13	1	1	17435	3720	0.213363923143103	0.394130580250454
Atg8	1	1	17435	3720	0.213363923143103	0.394130580250454
ATP-gua_Ptrans	3	2	17435	3720	0.117129504567815	0.394130580250454
ATP-gua_PtransN	4	2	17435	3720	0.201640261058509	0.394130580250454
ATP-sulfurylase	1	1	17435	3720	0.213363923143103	0.394130580250454
ATP-synt	1	1	17435	3720	0.213363923143103	0.394130580250454
ATP-synt_8	1	1	17435	3720	0.213363923143103	0.394130580250454
ATP-synt_ab	5	3	17435	3720	0.0686707235957249	0.394130580250454
ATP-synt_ab_C	1	1	17435	3720	0.213363923143103	0.394130580250454
ATP-synt_ab_N	6	3	17435	3720	0.115943695510683	0.394130580250454
ATP-synt_E	1	1	17435	3720	0.213363923143103	0.394130580250454
ATP-synt_Eps	1	1	17435	3720	0.213363923143103	0.394130580250454
ATP-synt_F6	1	1	17435	3720	0.213363923143103	0.394130580250454
ATP-synt_G	1	1	17435	3720	0.213363923143103	0.394130580250454
ATP11	1	1	17435	3720	0.213363923143103	0.394130580250454
AZUL	1	1	17435	3720	0.213363923143103	0.394130580250454
BBS1	1	1	17435	3720	0.213363923143103	0.394130580250454
BCDHK_Adom3	1	1	17435	3720	0.213363923143103	0.394130580250454
Biotin_lipoyl	6	3	17435	3720	0.115943695510683	0.394130580250454
BNIP3	1	1	17435	3720	0.213363923143103	0.394130580250454
BORCS6	1	1	17435	3720	0.213363923143103	0.394130580250454
BRAP2	1	1	17435	3720	0.213363923143103	0.394130580250454
Bravo_FIGEY	1	1	17435	3720	0.213363923143103	0.394130580250454
BSD	4	2	17435	3720	0.201640261058509	0.394130580250454
BTG	1	1	17435	3720	0.213363923143103	0.394130580250454
C_tripleX	3	2	17435	3720	0.117129504567815	0.394130580250454
C2	42	13	17435	3720	0.0945625452975727	0.394130580250454
CAC1F_C	1	1	17435	3720	0.213363923143103	0.394130580250454
Cadherin_3	1	1	17435	3720	0.213363923143103	0.394130580250454
Cadherin_C	3	2	17435	3720	0.117129504567815	0.394130580250454
Calx-beta	1	1	17435	3720	0.213363923143103	0.394130580250454
CaM_bdg_C0	1	1	17435	3720	0.213363923143103	0.394130580250454
CAP_C	1	1	17435	3720	0.213363923143103	0.394130580250454
CAP_N	1	1	17435	3720	0.213363923143103	0.394130580250454
Carn_acyltransf	5	3	17435	3720	0.0686707235957249	0.394130580250454
Catalase	1	1	17435	3720	0.213363923143103	0.394130580250454
Catalase-rel	1	1	17435	3720	0.213363923143103	0.394130580250454
Cation_ATPase_C	4	2	17435	3720	0.201640261058509	0.394130580250454
Cation_ATPase_N	4	2	17435	3720	0.201640261058509	0.394130580250454
CBF_beta	1	1	17435	3720	0.213363923143103	0.394130580250454
CBM_48	1	1	17435	3720	0.213363923143103	0.394130580250454
CCAP	1	1	17435	3720	0.213363923143103	0.394130580250454
CCCAP	1	1	17435	3720	0.213363923143103	0.394130580250454
CCDC142	1	1	17435	3720	0.213363923143103	0.394130580250454
CCDC85	1	1	17435	3720	0.213363923143103	0.394130580250454
CHRD	1	1	17435	3720	0.213363923143103	0.394130580250454
CI-B14_5a	1	1	17435	3720	0.213363923143103	0.394130580250454
CIA30	1	1	17435	3720	0.213363923143103	0.394130580250454
Clp1	1	1	17435	3720	0.213363923143103	0.394130580250454
CLP1_N	1	1	17435	3720	0.213363923143103	0.394130580250454
ClpS	1	1	17435	3720	0.213363923143103	0.394130580250454
Cobalamin_bind	1	1	17435	3720	0.213363923143103	0.394130580250454
COE1_DBD	1	1	17435	3720	0.213363923143103	0.394130580250454
COE1_HLH	1	1	17435	3720	0.213363923143103	0.394130580250454
COMP	1	1	17435	3720	0.213363923143103	0.394130580250454
Complex1_30kDa	1	1	17435	3720	0.213363923143103	0.394130580250454
Complex1_49kDa	1	1	17435	3720	0.213363923143103	0.394130580250454
Complex1_51K	1	1	17435	3720	0.213363923143103	0.394130580250454
Corazonin	1	1	17435	3720	0.213363923143103	0.394130580250454
Costars	1	1	17435	3720	0.213363923143103	0.394130580250454
COX1	1	1	17435	3720	0.213363923143103	0.394130580250454
COX2	1	1	17435	3720	0.213363923143103	0.394130580250454
COX2_TM	1	1	17435	3720	0.213363923143103	0.394130580250454
COX3	1	1	17435	3720	0.213363923143103	0.394130580250454
COX4	1	1	17435	3720	0.213363923143103	0.394130580250454
COX5B	1	1	17435	3720	0.213363923143103	0.394130580250454
COX6A	1	1	17435	3720	0.213363923143103	0.394130580250454
COX6C	1	1	17435	3720	0.213363923143103	0.394130580250454
COX7C	1	1	17435	3720	0.213363923143103	0.394130580250454
CPCFC	1	1	17435	3720	0.213363923143103	0.394130580250454
CPT_N	1	1	17435	3720	0.213363923143103	0.394130580250454
CRF-BP	1	1	17435	3720	0.213363923143103	0.394130580250454
Crisp	1	1	17435	3720	0.213363923143103	0.394130580250454
Crystallin	1	1	17435	3720	0.213363923143103	0.394130580250454
CTP_transf_3	1	1	17435	3720	0.213363923143103	0.394130580250454
Cut8	1	1	17435	3720	0.213363923143103	0.394130580250454
CXCXC	1	1	17435	3720	0.213363923143103	0.394130580250454
Cystatin	1	1	17435	3720	0.213363923143103	0.394130580250454
Cytochrom_B_C	1	1	17435	3720	0.213363923143103	0.394130580250454
Cytochrom_C1	1	1	17435	3720	0.213363923143103	0.394130580250454
Cytochrome_B	1	1	17435	3720	0.213363923143103	0.394130580250454
DAO_C	1	1	17435	3720	0.213363923143103	0.394130580250454
DB	1	1	17435	3720	0.213363923143103	0.394130580250454
DBB	1	1	17435	3720	0.213363923143103	0.394130580250454
DDDD	1	1	17435	3720	0.213363923143103	0.394130580250454
DHC_N2	12	5	17435	3720	0.0915810763526884	0.394130580250454
DJ-1_PfpI	1	1	17435	3720	0.213363923143103	0.394130580250454
DM13	3	2	17435	3720	0.117129504567815	0.394130580250454
DoxX_2	1	1	17435	3720	0.213363923143103	0.394130580250454
DSX_dimer	1	1	17435	3720	0.213363923143103	0.394130580250454
DUF1041	1	1	17435	3720	0.213363923143103	0.394130580250454
DUF1136	1	1	17435	3720	0.213363923143103	0.394130580250454
DUF1213	1	1	17435	3720	0.213363923143103	0.394130580250454
DUF1690	1	1	17435	3720	0.213363923143103	0.394130580250454
DUF1731	1	1	17435	3720	0.213363923143103	0.394130580250454
DUF1736	4	2	17435	3720	0.201640261058509	0.394130580250454
DUF1794	1	1	17435	3720	0.213363923143103	0.394130580250454
DUF1907	1	1	17435	3720	0.213363923143103	0.394130580250454
DUF2048	1	1	17435	3720	0.213363923143103	0.394130580250454
DUF2181	1	1	17435	3720	0.213363923143103	0.394130580250454
DUF2205	1	1	17435	3720	0.213363923143103	0.394130580250454
DUF229	3	2	17435	3720	0.117129504567815	0.394130580250454
DUF2353	1	1	17435	3720	0.213363923143103	0.394130580250454
DUF2475	1	1	17435	3720	0.213363923143103	0.394130580250454
DUF2615	1	1	17435	3720	0.213363923143103	0.394130580250454
DUF3350	1	1	17435	3720	0.213363923143103	0.394130580250454
DUF3399	1	1	17435	3720	0.213363923143103	0.394130580250454
DUF3657	1	1	17435	3720	0.213363923143103	0.394130580250454
DUF4062	1	1	17435	3720	0.213363923143103	0.394130580250454
DUF4495	1	1	17435	3720	0.213363923143103	0.394130580250454
DUF4528	1	1	17435	3720	0.213363923143103	0.394130580250454
DUF4535	1	1	17435	3720	0.213363923143103	0.394130580250454
DUF4682	1	1	17435	3720	0.213363923143103	0.394130580250454
DUF4739	1	1	17435	3720	0.213363923143103	0.394130580250454
DUF4757	1	1	17435	3720	0.213363923143103	0.394130580250454
DUF4758	1	1	17435	3720	0.213363923143103	0.394130580250454
DUF4787	1	1	17435	3720	0.213363923143103	0.394130580250454
DUF4789	3	2	17435	3720	0.117129504567815	0.394130580250454
DUF4790	1	1	17435	3720	0.213363923143103	0.394130580250454
DUF4797	1	1	17435	3720	0.213363923143103	0.394130580250454
DUF4803	1	1	17435	3720	0.213363923143103	0.394130580250454
DUF4812	1	1	17435	3720	0.213363923143103	0.394130580250454
DUF5009	1	1	17435	3720	0.213363923143103	0.394130580250454
DUF543	1	1	17435	3720	0.213363923143103	0.394130580250454
DUF608	1	1	17435	3720	0.213363923143103	0.394130580250454
DUF676	1	1	17435	3720	0.213363923143103	0.394130580250454
DUF725	1	1	17435	3720	0.213363923143103	0.394130580250454
DUF829	4	2	17435	3720	0.201640261058509	0.394130580250454
Dynactin	1	1	17435	3720	0.213363923143103	0.394130580250454
Dynein_heavy	12	5	17435	3720	0.0915810763526884	0.394130580250454
E3_UbLigase_R4	1	1	17435	3720	0.213363923143103	0.394130580250454
eIF_4EBP	1	1	17435	3720	0.213363923143103	0.394130580250454
Endostatin	1	1	17435	3720	0.213363923143103	0.394130580250454
Enolase_C	1	1	17435	3720	0.213363923143103	0.394130580250454
Enolase_N	1	1	17435	3720	0.213363923143103	0.394130580250454
Ephrin	1	1	17435	3720	0.213363923143103	0.394130580250454
ESSS	1	1	17435	3720	0.213363923143103	0.394130580250454
ETC_C1_NDUFA4	1	1	17435	3720	0.213363923143103	0.394130580250454
ETC_C1_NDUFA5	1	1	17435	3720	0.213363923143103	0.394130580250454
Ets	9	4	17435	3720	0.104271217690212	0.394130580250454
F_actin_cap_B	1	1	17435	3720	0.213363923143103	0.394130580250454
F420_oxidored	3	2	17435	3720	0.117129504567815	0.394130580250454
FA	6	3	17435	3720	0.115943695510683	0.394130580250454
FAA_hydrolase_N	1	1	17435	3720	0.213363923143103	0.394130580250454
FAM110_C	1	1	17435	3720	0.213363923143103	0.394130580250454
FAM177	1	1	17435	3720	0.213363923143103	0.394130580250454
FARP	1	1	17435	3720	0.213363923143103	0.394130580250454
Fasciclin	4	2	17435	3720	0.201640261058509	0.394130580250454
Fer2_3	1	1	17435	3720	0.213363923143103	0.394130580250454
Fer2_4	1	1	17435	3720	0.213363923143103	0.394130580250454
Fer4_12	1	1	17435	3720	0.213363923143103	0.394130580250454
Fer4_17	1	1	17435	3720	0.213363923143103	0.394130580250454
Fer4_7	1	1	17435	3720	0.213363923143103	0.394130580250454
FerB	1	1	17435	3720	0.213363923143103	0.394130580250454
FERM_C	10	4	17435	3720	0.14551436328499	0.394130580250454
FERM_N	12	5	17435	3720	0.0915810763526884	0.394130580250454
FEZ	1	1	17435	3720	0.213363923143103	0.394130580250454
Fez1	1	1	17435	3720	0.213363923143103	0.394130580250454
FGE-sulfatase	1	1	17435	3720	0.213363923143103	0.394130580250454
Filamin	5	3	17435	3720	0.0686707235957249	0.394130580250454
FOG_N	1	1	17435	3720	0.213363923143103	0.394130580250454
Fringe	4	2	17435	3720	0.201640261058509	0.394130580250454
FSA_C	1	1	17435	3720	0.213363923143103	0.394130580250454
FTHFS	1	1	17435	3720	0.213363923143103	0.394130580250454
Fucosidase_C	1	1	17435	3720	0.213363923143103	0.394130580250454
FumaraseC_C	1	1	17435	3720	0.213363923143103	0.394130580250454
Furin-like	3	2	17435	3720	0.117129504567815	0.394130580250454
Fuseless	1	1	17435	3720	0.213363923143103	0.394130580250454
FXa_inhibition	10	4	17435	3720	0.14551436328499	0.394130580250454
G2F	1	1	17435	3720	0.213363923143103	0.394130580250454
GAF	4	2	17435	3720	0.201640261058509	0.394130580250454
Gal_Lectin	3	2	17435	3720	0.117129504567815	0.394130580250454
GalP_UDP_tr_C	1	1	17435	3720	0.213363923143103	0.394130580250454
GalP_UDP_transf	1	1	17435	3720	0.213363923143103	0.394130580250454
GDA1_CD39	1	1	17435	3720	0.213363923143103	0.394130580250454
GDE_C	1	1	17435	3720	0.213363923143103	0.394130580250454
Gelsolin	8	4	17435	3720	0.0693233424101438	0.394130580250454
GFO_IDH_MocA	3	2	17435	3720	0.117129504567815	0.394130580250454
GFO_IDH_MocA_C	1	1	17435	3720	0.213363923143103	0.394130580250454
Gln-synt_N	1	1	17435	3720	0.213363923143103	0.394130580250454
GLTSCR1	1	1	17435	3720	0.213363923143103	0.394130580250454
Glutaminase	1	1	17435	3720	0.213363923143103	0.394130580250454
Gly_rich	1	1	17435	3720	0.213363923143103	0.394130580250454
Glyco_hydr_116N	1	1	17435	3720	0.213363923143103	0.394130580250454
Glyco_hydro_1	7	3	17435	3720	0.171730630294484	0.394130580250454
Glyco_hydro_19	1	1	17435	3720	0.213363923143103	0.394130580250454
Glyco_hydro_56	1	1	17435	3720	0.213363923143103	0.394130580250454
Glyco_hydro_85	1	1	17435	3720	0.213363923143103	0.394130580250454
Glyco_hydro_99	1	1	17435	3720	0.213363923143103	0.394130580250454
Glyco_transf_43	4	2	17435	3720	0.201640261058509	0.394130580250454
Glycolytic	1	1	17435	3720	0.213363923143103	0.394130580250454
Glyoxalase_4	1	1	17435	3720	0.213363923143103	0.394130580250454
GON	1	1	17435	3720	0.213363923143103	0.394130580250454
Gp_dh_C	1	1	17435	3720	0.213363923143103	0.394130580250454
Gp_dh_N	1	1	17435	3720	0.213363923143103	0.394130580250454
GSHPx	3	2	17435	3720	0.117129504567815	0.394130580250454
GST_C	24	8	17435	3720	0.120197153993085	0.394130580250454
Gypsy	19	6	17435	3720	0.203381244731707	0.394130580250454
HABP4_PAI-RBP1	1	1	17435	3720	0.213363923143103	0.394130580250454
HAD_2	3	2	17435	3720	0.117129504567815	0.394130580250454
HD_3	1	1	17435	3720	0.213363923143103	0.394130580250454
hDGE_amylase	1	1	17435	3720	0.213363923143103	0.394130580250454
Heme_oxygenase	1	1	17435	3720	0.213363923143103	0.394130580250454
Hemocyanin_C	18	7	17435	3720	0.0693556485667553	0.394130580250454
Hemocyanin_M	18	7	17435	3720	0.0693556485667553	0.394130580250454
Hemocyanin_N	18	7	17435	3720	0.0693556485667553	0.394130580250454
Hexokinase_1	1	1	17435	3720	0.213363923143103	0.394130580250454
Hexokinase_2	1	1	17435	3720	0.213363923143103	0.394130580250454
hGDE_central	1	1	17435	3720	0.213363923143103	0.394130580250454
hGDE_N	1	1	17435	3720	0.213363923143103	0.394130580250454
HgmA	1	1	17435	3720	0.213363923143103	0.394130580250454
HH_signal	1	1	17435	3720	0.213363923143103	0.394130580250454
His_Phos_2	10	4	17435	3720	0.14551436328499	0.394130580250454
HMG_CoA_synt_C	1	1	17435	3720	0.213363923143103	0.394130580250454
HMG_CoA_synt_N	1	1	17435	3720	0.213363923143103	0.394130580250454
HOIP-UBA	1	1	17435	3720	0.213363923143103	0.394130580250454
HSP20	18	6	17435	3720	0.167678315207279	0.394130580250454
Hydant_A_N	1	1	17435	3720	0.213363923143103	0.394130580250454
Hydantoinase_A	1	1	17435	3720	0.213363923143103	0.394130580250454
Hydantoinase_B	1	1	17435	3720	0.213363923143103	0.394130580250454
ICA69	1	1	17435	3720	0.213363923143103	0.394130580250454
IER	1	1	17435	3720	0.213363923143103	0.394130580250454
IFRD_C	1	1	17435	3720	0.213363923143103	0.394130580250454
InaF-motif	1	1	17435	3720	0.213363923143103	0.394130580250454
Inositol_P	6	3	17435	3720	0.115943695510683	0.394130580250454
Integrin_b_cyt	1	1	17435	3720	0.213363923143103	0.394130580250454
Integrin_B_tail	1	1	17435	3720	0.213363923143103	0.394130580250454
Ion_trans_N	1	1	17435	3720	0.213363923143103	0.394130580250454
IPP-2	1	1	17435	3720	0.213363923143103	0.394130580250454
IRS	5	3	17435	3720	0.0686707235957249	0.394130580250454
Iso_dh	6	3	17435	3720	0.115943695510683	0.394130580250454
Isochorismatase	3	2	17435	3720	0.117129504567815	0.394130580250454
IU_nuc_hydro	3	2	17435	3720	0.117129504567815	0.394130580250454
Jagunal	1	1	17435	3720	0.213363923143103	0.394130580250454
JAKMIP_CC3	1	1	17435	3720	0.213363923143103	0.394130580250454
JIP_LZII	1	1	17435	3720	0.213363923143103	0.394130580250454
Jun	1	1	17435	3720	0.213363923143103	0.394130580250454
KAP	1	1	17435	3720	0.213363923143103	0.394130580250454
Kunitz_BPTI	5	3	17435	3720	0.0686707235957249	0.394130580250454
L_HMGIC_fpl	1	1	17435	3720	0.213363923143103	0.394130580250454
L27_1	1	1	17435	3720	0.213363923143103	0.394130580250454
Laminin_II	1	1	17435	3720	0.213363923143103	0.394130580250454
Ldh_2	1	1	17435	3720	0.213363923143103	0.394130580250454
Lig_chan-Glu_bd	18	7	17435	3720	0.0693556485667553	0.394130580250454
Lipin_mid	1	1	17435	3720	0.213363923143103	0.394130580250454
Lipin_N	1	1	17435	3720	0.213363923143103	0.394130580250454
Lipocalin_2	6	3	17435	3720	0.115943695510683	0.394130580250454
LNS2	1	1	17435	3720	0.213363923143103	0.394130580250454
LRRFIP	1	1	17435	3720	0.213363923143103	0.394130580250454
Lustrin_cystein	1	1	17435	3720	0.213363923143103	0.394130580250454
Lysyl_oxidase	1	1	17435	3720	0.213363923143103	0.394130580250454
Mab-21	3	2	17435	3720	0.117129504567815	0.394130580250454
MANEC	1	1	17435	3720	0.213363923143103	0.394130580250454
MAPEG	4	2	17435	3720	0.201640261058509	0.394130580250454
MARVEL	4	2	17435	3720	0.201640261058509	0.394130580250454
MATH	7	3	17435	3720	0.171730630294484	0.394130580250454
MDM1	1	1	17435	3720	0.213363923143103	0.394130580250454
Meckelin	1	1	17435	3720	0.213363923143103	0.394130580250454
Mem_trans	1	1	17435	3720	0.213363923143103	0.394130580250454
Membr_traf_MHD	1	1	17435	3720	0.213363923143103	0.394130580250454
Metallopep	1	1	17435	3720	0.213363923143103	0.394130580250454
Metallophos_C	1	1	17435	3720	0.213363923143103	0.394130580250454
Methyltransf_5	1	1	17435	3720	0.213363923143103	0.394130580250454
MGAT2	1	1	17435	3720	0.213363923143103	0.394130580250454
Mid1	1	1	17435	3720	0.213363923143103	0.394130580250454
MIR	5	3	17435	3720	0.0686707235957249	0.394130580250454
MitMem_reg	4	2	17435	3720	0.201640261058509	0.394130580250454
Mitofilin	1	1	17435	3720	0.213363923143103	0.394130580250454
MoaC	1	1	17435	3720	0.213363923143103	0.394130580250454
Molybdopterin	1	1	17435	3720	0.213363923143103	0.394130580250454
MRJP	14	6	17435	3720	0.0580344028150458	0.394130580250454
MT	12	5	17435	3720	0.0915810763526884	0.394130580250454
Mt_ATP-synt_D	1	1	17435	3720	0.213363923143103	0.394130580250454
MTHFR	1	1	17435	3720	0.213363923143103	0.394130580250454
Mtp	1	1	17435	3720	0.213363923143103	0.394130580250454
MTP18	1	1	17435	3720	0.213363923143103	0.394130580250454
MWFE	1	1	17435	3720	0.213363923143103	0.394130580250454
Myb_DNA-bind_4	9	4	17435	3720	0.104271217690212	0.394130580250454
Myosin_head	18	7	17435	3720	0.0693556485667553	0.394130580250454
Myosin_N	4	2	17435	3720	0.201640261058509	0.394130580250454
MyTH4	6	3	17435	3720	0.115943695510683	0.394130580250454
Na_Ca_ex_C	1	1	17435	3720	0.213363923143103	0.394130580250454
Na_K-ATPase	4	2	17435	3720	0.201640261058509	0.394130580250454
Na_sulph_symp	4	2	17435	3720	0.201640261058509	0.394130580250454
Na_trans_cytopl	1	1	17435	3720	0.213363923143103	0.394130580250454
NAD_binding_10	1	1	17435	3720	0.213363923143103	0.394130580250454
NAD_Gly3P_dh_C	1	1	17435	3720	0.213363923143103	0.394130580250454
NAD_Gly3P_dh_N	1	1	17435	3720	0.213363923143103	0.394130580250454
NADH_4Fe-4S	1	1	17435	3720	0.213363923143103	0.394130580250454
NADH_B2	1	1	17435	3720	0.213363923143103	0.394130580250454
NADH_dehy_S2_C	1	1	17435	3720	0.213363923143103	0.394130580250454
NADH_dhqG_C	1	1	17435	3720	0.213363923143103	0.394130580250454
NADH_oxidored	1	1	17435	3720	0.213363923143103	0.394130580250454
NADH-G_4Fe-4S_3	1	1	17435	3720	0.213363923143103	0.394130580250454
NADH5_C	1	1	17435	3720	0.213363923143103	0.394130580250454
NADHdh	1	1	17435	3720	0.213363923143103	0.394130580250454
NAGLU	1	1	17435	3720	0.213363923143103	0.394130580250454
NAGLU_C	1	1	17435	3720	0.213363923143103	0.394130580250454
NAGLU_N	1	1	17435	3720	0.213363923143103	0.394130580250454
NB-ARC	1	1	17435	3720	0.213363923143103	0.394130580250454
NCD3G	3	2	17435	3720	0.117129504567815	0.394130580250454
NDUF_B12	1	1	17435	3720	0.213363923143103	0.394130580250454
NDUF_B4	1	1	17435	3720	0.213363923143103	0.394130580250454
NDUF_B5	1	1	17435	3720	0.213363923143103	0.394130580250454
NDUF_B6	1	1	17435	3720	0.213363923143103	0.394130580250454
NDUF_B7	1	1	17435	3720	0.213363923143103	0.394130580250454
NDUF_B8	1	1	17435	3720	0.213363923143103	0.394130580250454
NDUF_C2	1	1	17435	3720	0.213363923143103	0.394130580250454
NDUFB10	1	1	17435	3720	0.213363923143103	0.394130580250454
Ndufs5	1	1	17435	3720	0.213363923143103	0.394130580250454
Neurochondrin	1	1	17435	3720	0.213363923143103	0.394130580250454
NfI_DNAbd_pre-N	1	1	17435	3720	0.213363923143103	0.394130580250454
Nicastrin	1	1	17435	3720	0.213363923143103	0.394130580250454
Ninjurin	9	4	17435	3720	0.104271217690212	0.394130580250454
NPDC1	1	1	17435	3720	0.213363923143103	0.394130580250454
Nucleoside_tran	3	2	17435	3720	0.117129504567815	0.394130580250454
NuDC	1	1	17435	3720	0.213363923143103	0.394130580250454
Nudc_N	1	1	17435	3720	0.213363923143103	0.394130580250454
OAF	1	1	17435	3720	0.213363923143103	0.394130580250454
OAR	6	3	17435	3720	0.115943695510683	0.394130580250454
OLF	1	1	17435	3720	0.213363923143103	0.394130580250454
OSCP	1	1	17435	3720	0.213363923143103	0.394130580250454
Oxidored_q2	1	1	17435	3720	0.213363923143103	0.394130580250454
Oxidored_q3	1	1	17435	3720	0.213363923143103	0.394130580250454
Oxidored_q4	1	1	17435	3720	0.213363923143103	0.394130580250454
Oxidored_q5_N	1	1	17435	3720	0.213363923143103	0.394130580250454
p25-alpha	1	1	17435	3720	0.213363923143103	0.394130580250454
P5CR_dimer	3	2	17435	3720	0.117129504567815	0.394130580250454
PAS_11	8	4	17435	3720	0.0693233424101438	0.394130580250454
PDEase_I	9	4	17435	3720	0.104271217690212	0.394130580250454
PDEase_I_N	1	1	17435	3720	0.213363923143103	0.394130580250454
Pentaxin	1	1	17435	3720	0.213363923143103	0.394130580250454
Peptidase_M13_N	11	4	17435	3720	0.191868311467716	0.394130580250454
Peptidase_M2	7	3	17435	3720	0.171730630294484	0.394130580250454
Peptidase_M8	1	1	17435	3720	0.213363923143103	0.394130580250454
Pex19	1	1	17435	3720	0.213363923143103	0.394130580250454
PFK	1	1	17435	3720	0.213363923143103	0.394130580250454
PGI	1	1	17435	3720	0.213363923143103	0.394130580250454
PGK	1	1	17435	3720	0.213363923143103	0.394130580250454
PHO4	1	1	17435	3720	0.213363923143103	0.394130580250454
Phospholip_A2_2	6	3	17435	3720	0.115943695510683	0.394130580250454
Phospholip_B	1	1	17435	3720	0.213363923143103	0.394130580250454
Phosphorylase	1	1	17435	3720	0.213363923143103	0.394130580250454
Pigment_DH	1	1	17435	3720	0.213363923143103	0.394130580250454
PIP49_N	1	1	17435	3720	0.213363923143103	0.394130580250454
PK_C	1	1	17435	3720	0.213363923143103	0.394130580250454
PMP22_Claudin	1	1	17435	3720	0.213363923143103	0.394130580250454
PP1_inhibitor	1	1	17435	3720	0.213363923143103	0.394130580250454
Pro_dh	1	1	17435	3720	0.213363923143103	0.394130580250454
PS-DH	5	3	17435	3720	0.0686707235957249	0.394130580250454
PTE	1	1	17435	3720	0.213363923143103	0.394130580250454
PTN_MK_C	1	1	17435	3720	0.213363923143103	0.394130580250454
PTS_2-RNA	1	1	17435	3720	0.213363923143103	0.394130580250454
PUA_2	1	1	17435	3720	0.213363923143103	0.394130580250454
Pur_ac_phosph_N	1	1	17435	3720	0.213363923143103	0.394130580250454
PYC_OADA	1	1	17435	3720	0.213363923143103	0.394130580250454
Pyridoxal_deC	11	4	17435	3720	0.191868311467716	0.394130580250454
RA	16	6	17435	3720	0.105499467336262	0.394130580250454
Radial_spoke_3	1	1	17435	3720	0.213363923143103	0.394130580250454
RasGAP	5	3	17435	3720	0.0686707235957249	0.394130580250454
RCC1_2	1	1	17435	3720	0.213363923143103	0.394130580250454
Recep_L_domain	3	2	17435	3720	0.117129504567815	0.394130580250454
Receptor_IA-2	1	1	17435	3720	0.213363923143103	0.394130580250454
Redoxin	1	1	17435	3720	0.213363923143103	0.394130580250454
Reprolysin_3	1	1	17435	3720	0.213363923143103	0.394130580250454
Reprolysin_5	1	1	17435	3720	0.213363923143103	0.394130580250454
Reticulon	1	1	17435	3720	0.213363923143103	0.394130580250454
Rhomboid	6	3	17435	3720	0.115943695510683	0.394130580250454
RHS_repeat	1	1	17435	3720	0.213363923143103	0.394130580250454
Ribonuclease_T2	1	1	17435	3720	0.213363923143103	0.394130580250454
RIC3	1	1	17435	3720	0.213363923143103	0.394130580250454
RIP	1	1	17435	3720	0.213363923143103	0.394130580250454
RPE65	1	1	17435	3720	0.213363923143103	0.394130580250454
Rpn3_C	1	1	17435	3720	0.213363923143103	0.394130580250454
RR_TM4-6	1	1	17435	3720	0.213363923143103	0.394130580250454
RTP801_C	1	1	17435	3720	0.213363923143103	0.394130580250454
Runt	5	3	17435	3720	0.0686707235957249	0.394130580250454
RyR	1	1	17435	3720	0.213363923143103	0.394130580250454
S36_mt	1	1	17435	3720	0.213363923143103	0.394130580250454
SAM_PNT	6	3	17435	3720	0.115943695510683	0.394130580250454
SapA	1	1	17435	3720	0.213363923143103	0.394130580250454
SapB_1	1	1	17435	3720	0.213363923143103	0.394130580250454
SapB_2	1	1	17435	3720	0.213363923143103	0.394130580250454
Sarcoglycan_2	1	1	17435	3720	0.213363923143103	0.394130580250454
SBP56	1	1	17435	3720	0.213363923143103	0.394130580250454
Sdh_cyt	1	1	17435	3720	0.213363923143103	0.394130580250454
SEA	3	2	17435	3720	0.117129504567815	0.394130580250454
Secretogranin_V	1	1	17435	3720	0.213363923143103	0.394130580250454
Sedlin_N	1	1	17435	3720	0.213363923143103	0.394130580250454
SelR	1	1	17435	3720	0.213363923143103	0.394130580250454
Sema	7	3	17435	3720	0.171730630294484	0.394130580250454
Serinc	1	1	17435	3720	0.213363923143103	0.394130580250454
SGS	1	1	17435	3720	0.213363923143103	0.394130580250454
SH3BGR	1	1	17435	3720	0.213363923143103	0.394130580250454
Shal-type	1	1	17435	3720	0.213363923143103	0.394130580250454
SIS	1	1	17435	3720	0.213363923143103	0.394130580250454
Skp1	1	1	17435	3720	0.213363923143103	0.394130580250454
SLBB	1	1	17435	3720	0.213363923143103	0.394130580250454
Smoothelin	1	1	17435	3720	0.213363923143103	0.394130580250454
SMP_LBD	1	1	17435	3720	0.213363923143103	0.394130580250454
Snf7	7	3	17435	3720	0.171730630294484	0.394130580250454
Sod_Cu	7	3	17435	3720	0.171730630294484	0.394130580250454
SOGA	1	1	17435	3720	0.213363923143103	0.394130580250454
Solute_trans_a	5	3	17435	3720	0.0686707235957249	0.394130580250454
Sorb	1	1	17435	3720	0.213363923143103	0.394130580250454
Spaetzle	6	3	17435	3720	0.115943695510683	0.394130580250454
Spond_N	3	2	17435	3720	0.117129504567815	0.394130580250454
SRCR	3	2	17435	3720	0.117129504567815	0.394130580250454
SSF	14	6	17435	3720	0.0580344028150458	0.394130580250454
START	4	2	17435	3720	0.201640261058509	0.394130580250454
Stork_head	1	1	17435	3720	0.213363923143103	0.394130580250454
Succ_DH_flav_C	1	1	17435	3720	0.213363923143103	0.394130580250454
Sugar_tr	61	17	17435	3720	0.138430636001921	0.394130580250454
Sulfotransfer_2	6	3	17435	3720	0.115943695510683	0.394130580250454
SVWC	4	2	17435	3720	0.201640261058509	0.394130580250454
Synaphin	1	1	17435	3720	0.213363923143103	0.394130580250454
Synapsin	1	1	17435	3720	0.213363923143103	0.394130580250454
Synapsin_C	1	1	17435	3720	0.213363923143103	0.394130580250454
Syndecan	1	1	17435	3720	0.213363923143103	0.394130580250454
Talin_middle	1	1	17435	3720	0.213363923143103	0.394130580250454
Tcp11	1	1	17435	3720	0.213363923143103	0.394130580250454
TEA	1	1	17435	3720	0.213363923143103	0.394130580250454
Tet_JBP	1	1	17435	3720	0.213363923143103	0.394130580250454
Thymosin	1	1	17435	3720	0.213363923143103	0.394130580250454
Thyroglobulin_1	6	3	17435	3720	0.115943695510683	0.394130580250454
TIM	1	1	17435	3720	0.213363923143103	0.394130580250454
TIMP	1	1	17435	3720	0.213363923143103	0.394130580250454
TIR	12	5	17435	3720	0.0915810763526884	0.394130580250454
TMEM132D_N	1	1	17435	3720	0.213363923143103	0.394130580250454
TMEM138	1	1	17435	3720	0.213363923143103	0.394130580250454
TMEM164	1	1	17435	3720	0.213363923143103	0.394130580250454
TMEM237	1	1	17435	3720	0.213363923143103	0.394130580250454
TMEM72	1	1	17435	3720	0.213363923143103	0.394130580250454
Tox-GHH	1	1	17435	3720	0.213363923143103	0.394130580250454
Tox-SGS	1	1	17435	3720	0.213363923143103	0.394130580250454
Transglut_C	3	2	17435	3720	0.117129504567815	0.394130580250454
Transglut_core	3	2	17435	3720	0.117129504567815	0.394130580250454
Transglut_N	3	2	17435	3720	0.117129504567815	0.394130580250454
Transmemb_17	1	1	17435	3720	0.213363923143103	0.394130580250454
Trehalase	1	1	17435	3720	0.213363923143103	0.394130580250454
TRIC	1	1	17435	3720	0.213363923143103	0.394130580250454
Tropomodulin	1	1	17435	3720	0.213363923143103	0.394130580250454
TRP_2	3	2	17435	3720	0.117129504567815	0.394130580250454
Tsg	1	1	17435	3720	0.213363923143103	0.394130580250454
TspO_MBR	1	1	17435	3720	0.213363923143103	0.394130580250454
Tubulin_C	14	5	17435	3720	0.160126697049903	0.394130580250454
Tubulin-binding	1	1	17435	3720	0.213363923143103	0.394130580250454
UBA_5	1	1	17435	3720	0.213363923143103	0.394130580250454
UCR_14kD	1	1	17435	3720	0.213363923143103	0.394130580250454
UCR_hinge	1	1	17435	3720	0.213363923143103	0.394130580250454
UCR_TM	1	1	17435	3720	0.213363923143103	0.394130580250454
UCR_UQCRX_QCR9	1	1	17435	3720	0.213363923143103	0.394130580250454
UcrQ	1	1	17435	3720	0.213363923143103	0.394130580250454
UFD1	1	1	17435	3720	0.213363923143103	0.394130580250454
ULD	1	1	17435	3720	0.213363923143103	0.394130580250454
UNC-79	1	1	17435	3720	0.213363923143103	0.394130580250454
UNC-93	3	2	17435	3720	0.117129504567815	0.394130580250454
UNC45-central	1	1	17435	3720	0.213363923143103	0.394130580250454
UPF0183	1	1	17435	3720	0.213363923143103	0.394130580250454
UPF0220	1	1	17435	3720	0.213363923143103	0.394130580250454
UPF0239	1	1	17435	3720	0.213363923143103	0.394130580250454
Urm1	1	1	17435	3720	0.213363923143103	0.394130580250454
VBS	1	1	17435	3720	0.213363923143103	0.394130580250454
VCBS	1	1	17435	3720	0.213363923143103	0.394130580250454
Vg_Tdu	1	1	17435	3720	0.213363923143103	0.394130580250454
VGCC_beta4Aa_N	1	1	17435	3720	0.213363923143103	0.394130580250454
VGLL4	1	1	17435	3720	0.213363923143103	0.394130580250454
Vinculin	4	2	17435	3720	0.201640261058509	0.394130580250454
VPS28	1	1	17435	3720	0.213363923143103	0.394130580250454
Vps55	1	1	17435	3720	0.213363923143103	0.394130580250454
WD40_3	1	1	17435	3720	0.213363923143103	0.394130580250454
WH1	4	2	17435	3720	0.201640261058509	0.394130580250454
wnt	7	3	17435	3720	0.171730630294484	0.394130580250454
Y_phosphatase	15	5	17435	3720	0.200287336071283	0.394130580250454
YhhN	1	1	17435	3720	0.213363923143103	0.394130580250454
Yippee-Mis18	4	2	17435	3720	0.201640261058509	0.394130580250454
zf-3CxxC_2	1	1	17435	3720	0.213363923143103	0.394130580250454
zf-C2HC	3	2	17435	3720	0.117129504567815	0.394130580250454
zf-CHCC	1	1	17435	3720	0.213363923143103	0.394130580250454
ZU5	5	3	17435	3720	0.0686707235957249	0.394130580250454
adh_short_C2	8	3	17435	3720	0.233175003025087	0.42599279398814
bZIP_1	8	3	17435	3720	0.233175003025087	0.42599279398814
Death	8	3	17435	3720	0.233175003025087	0.42599279398814
Hemopexin	8	3	17435	3720	0.233175003025087	0.42599279398814
Ldl_recept_b	8	3	17435	3720	0.233175003025087	0.42599279398814
NHL	8	3	17435	3720	0.233175003025087	0.42599279398814
Peptidase_M10	8	3	17435	3720	0.233175003025087	0.42599279398814
Peptidase_M13	8	3	17435	3720	0.233175003025087	0.42599279398814
UQ_con	24	7	17435	3720	0.238046148556396	0.43429544249658
Acyl-CoA_dh_1	12	4	17435	3720	0.24201192902523	0.43912123547552
Acyl-CoA_dh_N	12	4	17435	3720	0.24201192902523	0.43912123547552
ADH_zinc_N	20	6	17435	3720	0.241502304457291	0.43912123547552
Aldedh	12	4	17435	3720	0.24201192902523	0.43912123547552
Homeobox	93	23	17435	3720	0.245946604892799	0.445652567448804
GST_N_3	25	7	17435	3720	0.274102756105575	0.495321556549477
Serpin	25	7	17435	3720	0.274102756105575	0.495321556549477
A_deaminase	5	2	17435	3720	0.290286619367032	0.506004198896662
AA_permease_C	5	2	17435	3720	0.290286619367032	0.506004198896662
ABC_membrane	21	6	17435	3720	0.281490562801647	0.506004198896662
Amidohydro_1	5	2	17435	3720	0.290286619367032	0.506004198896662
CHCH	5	2	17435	3720	0.290286619367032	0.506004198896662
Cofilin_ADF	5	2	17435	3720	0.290286619367032	0.506004198896662
Cullin_Nedd8	5	2	17435	3720	0.290286619367032	0.506004198896662
DAN	5	2	17435	3720	0.290286619367032	0.506004198896662
DUF2236	5	2	17435	3720	0.290286619367032	0.506004198896662
E1_dh	5	2	17435	3720	0.290286619367032	0.506004198896662
Epimerase	5	2	17435	3720	0.290286619367032	0.506004198896662
FMO-like	5	2	17435	3720	0.290286619367032	0.506004198896662
Guanylate_cyc	21	6	17435	3720	0.281490562801647	0.506004198896662
Ligase_CoA	5	2	17435	3720	0.290286619367032	0.506004198896662
MORN	5	2	17435	3720	0.290286619367032	0.506004198896662
PAN_1	5	2	17435	3720	0.290286619367032	0.506004198896662
PAS_9	5	2	17435	3720	0.290286619367032	0.506004198896662
Patched	5	2	17435	3720	0.290286619367032	0.506004198896662
PI-PLC-X	5	2	17435	3720	0.290286619367032	0.506004198896662
SLC12	5	2	17435	3720	0.290286619367032	0.506004198896662
TGFb_propeptide	5	2	17435	3720	0.290286619367032	0.506004198896662
Thiolase_C	5	2	17435	3720	0.290286619367032	0.506004198896662
Thiolase_N	5	2	17435	3720	0.290286619367032	0.506004198896662
Transket_pyr	5	2	17435	3720	0.290286619367032	0.506004198896662
VWA	5	2	17435	3720	0.290286619367032	0.506004198896662
WH2	5	2	17435	3720	0.290286619367032	0.506004198896662
zf-UBR	5	2	17435	3720	0.290286619367032	0.506004198896662
PH	47	12	17435	3720	0.291546918319243	0.507535865660463
RGS	13	4	17435	3720	0.294610491527734	0.512198632329264
Amidase_2	9	3	17435	3720	0.297626895692525	0.514082819832544
DUF243	9	3	17435	3720	0.297626895692525	0.514082819832544
GST_N	9	3	17435	3720	0.297626895692525	0.514082819832544
HNOBA	9	3	17435	3720	0.297626895692525	0.514082819832544
PBP	9	3	17435	3720	0.297626895692525	0.514082819832544
Peptidase_M1	30	8	17435	3720	0.300875617743256	0.51902019662585
14-3-3	2	1	17435	3720	0.381213309738701	0.528807991192872
4_1_CTD	2	1	17435	3720	0.381213309738701	0.528807991192872
AA_permease	6	2	17435	3720	0.377458081295207	0.528807991192872
ABC_membrane_2	2	1	17435	3720	0.381213309738701	0.528807991192872
Abhydro_lipase	14	4	17435	3720	0.348404009318868	0.528807991192872
Abhydrolase_3	2	1	17435	3720	0.381213309738701	0.528807991192872
Aconitase	2	1	17435	3720	0.381213309738701	0.528807991192872
Aconitase_C	2	1	17435	3720	0.381213309738701	0.528807991192872
ACT	2	1	17435	3720	0.381213309738701	0.528807991192872
Acyl-CoA_ox_N	2	1	17435	3720	0.381213309738701	0.528807991192872
Acylphosphatase	2	1	17435	3720	0.381213309738701	0.528807991192872
Aph-1	2	1	17435	3720	0.381213309738701	0.528807991192872
ApoLp-III	2	1	17435	3720	0.381213309738701	0.528807991192872
Arfaptin	2	1	17435	3720	0.381213309738701	0.528807991192872
ArgoL2	2	1	17435	3720	0.381213309738701	0.528807991192872
ATP_bind_3	2	1	17435	3720	0.381213309738701	0.528807991192872
ATP-synt_A	2	1	17435	3720	0.381213309738701	0.528807991192872
ATP-synt_DE_N	2	1	17435	3720	0.381213309738701	0.528807991192872
ATP-synt_S1	2	1	17435	3720	0.381213309738701	0.528807991192872
BK_channel_a	2	1	17435	3720	0.381213309738701	0.528807991192872
Calreticulin	2	1	17435	3720	0.381213309738701	0.528807991192872
Carb_anhydrase	14	4	17435	3720	0.348404009318868	0.528807991192872
CARMIL_C	2	1	17435	3720	0.381213309738701	0.528807991192872
CDC48_2	2	1	17435	3720	0.381213309738701	0.528807991192872
CDC48_N	2	1	17435	3720	0.381213309738701	0.528807991192872
CDK5_activator	2	1	17435	3720	0.381213309738701	0.528807991192872
CEBP_ZZ	2	1	17435	3720	0.381213309738701	0.528807991192872
Ceramidase_alk	2	1	17435	3720	0.381213309738701	0.528807991192872
Ceramidse_alk_C	2	1	17435	3720	0.381213309738701	0.528807991192872
Chitin_synth_2	2	1	17435	3720	0.381213309738701	0.528807991192872
Citrate_synt	2	1	17435	3720	0.381213309738701	0.528807991192872
CLP1_P	2	1	17435	3720	0.381213309738701	0.528807991192872
cNMP_binding	19	5	17435	3720	0.382093593636353	0.528807991192872
CoA_binding	2	1	17435	3720	0.381213309738701	0.528807991192872
COX5A	2	1	17435	3720	0.381213309738701	0.528807991192872
COX7a	2	1	17435	3720	0.381213309738701	0.528807991192872
CP2	2	1	17435	3720	0.381213309738701	0.528807991192872
Cullin	6	2	17435	3720	0.377458081295207	0.528807991192872
CutA1	2	1	17435	3720	0.381213309738701	0.528807991192872
CybS	2	1	17435	3720	0.381213309738701	0.528807991192872
Cytochrom_C	2	1	17435	3720	0.381213309738701	0.528807991192872
DAO	10	3	17435	3720	0.36281798101004	0.528807991192872
DBC1	2	1	17435	3720	0.381213309738701	0.528807991192872
Deltameth_res	2	1	17435	3720	0.381213309738701	0.528807991192872
dNK	2	1	17435	3720	0.381213309738701	0.528807991192872
DPPIV_N	6	2	17435	3720	0.377458081295207	0.528807991192872
Drf_FH3	6	2	17435	3720	0.377458081295207	0.528807991192872
DUF1081	2	1	17435	3720	0.381213309738701	0.528807991192872
DUF1397	10	3	17435	3720	0.36281798101004	0.528807991192872
DUF3808	2	1	17435	3720	0.381213309738701	0.528807991192872
DUF389	2	1	17435	3720	0.381213309738701	0.528807991192872
DUF4061	2	1	17435	3720	0.381213309738701	0.528807991192872
DUF4205	2	1	17435	3720	0.381213309738701	0.528807991192872
DUF4774	2	1	17435	3720	0.381213309738701	0.528807991192872
DUF4808	2	1	17435	3720	0.381213309738701	0.528807991192872
DUF753	6	2	17435	3720	0.377458081295207	0.528807991192872
Dynamin_M	2	1	17435	3720	0.381213309738701	0.528807991192872
EFhand_Ca_insen	2	1	17435	3720	0.381213309738701	0.528807991192872
EHD_N	2	1	17435	3720	0.381213309738701	0.528807991192872
ELMO_CED12	2	1	17435	3720	0.381213309738701	0.528807991192872
Engrail_1_C_sig	2	1	17435	3720	0.381213309738701	0.528807991192872
ER_lumen_recept	2	1	17435	3720	0.381213309738701	0.528807991192872
ERAP1_C	31	8	17435	3720	0.335935021792087	0.528807991192872
EXS	2	1	17435	3720	0.381213309738701	0.528807991192872
F-box	14	4	17435	3720	0.348404009318868	0.528807991192872
FAD_binding_5	10	3	17435	3720	0.36281798101004	0.528807991192872
FAST_1	2	1	17435	3720	0.381213309738701	0.528807991192872
FAST_2	2	1	17435	3720	0.381213309738701	0.528807991192872
Fer2_2	10	3	17435	3720	0.36281798101004	0.528807991192872
FerI	2	1	17435	3720	0.381213309738701	0.528807991192872
Ferlin_C	2	1	17435	3720	0.381213309738701	0.528807991192872
FERM_f0	2	1	17435	3720	0.381213309738701	0.528807991192872
Fibrinogen_C	36	9	17435	3720	0.356613882191862	0.528807991192872
Forkhead	19	5	17435	3720	0.382093593636353	0.528807991192872
Forkhead_N	2	1	17435	3720	0.381213309738701	0.528807991192872
G-alpha	6	2	17435	3720	0.377458081295207	0.528807991192872
GAS2	2	1	17435	3720	0.381213309738701	0.528807991192872
GAT	2	1	17435	3720	0.381213309738701	0.528807991192872
GATase_6	2	1	17435	3720	0.381213309738701	0.528807991192872
GDPD	2	1	17435	3720	0.381213309738701	0.528807991192872
GED	2	1	17435	3720	0.381213309738701	0.528807991192872
GF_recep_IV	2	1	17435	3720	0.381213309738701	0.528807991192872
GILT	6	2	17435	3720	0.377458081295207	0.528807991192872
Glypican	2	1	17435	3720	0.381213309738701	0.528807991192872
GRIM-19	2	1	17435	3720	0.381213309738701	0.528807991192872
Hep_59	2	1	17435	3720	0.381213309738701	0.528807991192872
Hint	2	1	17435	3720	0.381213309738701	0.528807991192872
His_Phos_1	6	2	17435	3720	0.377458081295207	0.528807991192872
HMGL-like	2	1	17435	3720	0.381213309738701	0.528807991192872
HNF_C	2	1	17435	3720	0.381213309738701	0.528807991192872
Homeobox_KN	6	2	17435	3720	0.377458081295207	0.528807991192872
Hydrolase_3	2	1	17435	3720	0.381213309738701	0.528807991192872
I_LWEQ	2	1	17435	3720	0.381213309738701	0.528807991192872
IATP	2	1	17435	3720	0.381213309738701	0.528807991192872
IFRD	2	1	17435	3720	0.381213309738701	0.528807991192872
IMD	2	1	17435	3720	0.381213309738701	0.528807991192872
Ins145_P3_rec	2	1	17435	3720	0.381213309738701	0.528807991192872
Jnk-SapK_ap_N	2	1	17435	3720	0.381213309738701	0.528807991192872
KASH	2	1	17435	3720	0.381213309738701	0.528807991192872
Kazal_1	6	2	17435	3720	0.377458081295207	0.528807991192872
KIF1B	2	1	17435	3720	0.381213309738701	0.528807991192872
Lamp	2	1	17435	3720	0.381213309738701	0.528807991192872
Lipase_3	2	1	17435	3720	0.381213309738701	0.528807991192872
LRRCT	2	1	17435	3720	0.381213309738701	0.528807991192872
LRRNT	2	1	17435	3720	0.381213309738701	0.528807991192872
LTV	2	1	17435	3720	0.381213309738701	0.528807991192872
M20_dimer	2	1	17435	3720	0.381213309738701	0.528807991192872
MBF2	6	2	17435	3720	0.377458081295207	0.528807991192872
Meis_PKNOX_N	2	1	17435	3720	0.381213309738701	0.528807991192872
Methuselah_N	2	1	17435	3720	0.381213309738701	0.528807991192872
Methyltransf_FA	6	2	17435	3720	0.377458081295207	0.528807991192872
MIG-14_Wnt-bd	2	1	17435	3720	0.381213309738701	0.528807991192872
Mod_r	2	1	17435	3720	0.381213309738701	0.528807991192872
MRP-L28	2	1	17435	3720	0.381213309738701	0.528807991192872
Mt_ATP-synt_B	2	1	17435	3720	0.381213309738701	0.528807991192872
Mtc	2	1	17435	3720	0.381213309738701	0.528807991192872
Na_trans_assoc	2	1	17435	3720	0.381213309738701	0.528807991192872
Ndr	2	1	17435	3720	0.381213309738701	0.528807991192872
NDUFA12	2	1	17435	3720	0.381213309738701	0.528807991192872
NDUFV3	2	1	17435	3720	0.381213309738701	0.528807991192872
NIDO	2	1	17435	3720	0.381213309738701	0.528807991192872
OHCU_decarbox	2	1	17435	3720	0.381213309738701	0.528807991192872
Orn_Arg_deC_N	6	2	17435	3720	0.377458081295207	0.528807991192872
OxoGdeHyase_C	2	1	17435	3720	0.381213309738701	0.528807991192872
Pacifastin_I	2	1	17435	3720	0.381213309738701	0.528807991192872
Palm_thioest	2	1	17435	3720	0.381213309738701	0.528807991192872
PARG_cat	2	1	17435	3720	0.381213309738701	0.528807991192872
Pentapeptide_4	2	1	17435	3720	0.381213309738701	0.528807991192872
Peptidase_C97	2	1	17435	3720	0.381213309738701	0.528807991192872
Peptidase_M14	26	7	17435	3720	0.311427596155237	0.528807991192872
Peptidase_M20	2	1	17435	3720	0.381213309738701	0.528807991192872
PGM_PMM_II	2	1	17435	3720	0.381213309738701	0.528807991192872
PGM_PMM_III	2	1	17435	3720	0.381213309738701	0.528807991192872
PHR	2	1	17435	3720	0.381213309738701	0.528807991192872
PIP49_C	2	1	17435	3720	0.381213309738701	0.528807991192872
PITH	2	1	17435	3720	0.381213309738701	0.528807991192872
PK	2	1	17435	3720	0.381213309738701	0.528807991192872
PMT_2	2	1	17435	3720	0.381213309738701	0.528807991192872
PRA1	2	1	17435	3720	0.381213309738701	0.528807991192872
PRK	2	1	17435	3720	0.381213309738701	0.528807991192872
Propep_M14	19	5	17435	3720	0.382093593636353	0.528807991192872
PTPLA	2	1	17435	3720	0.381213309738701	0.528807991192872
Pyr_redox_dim	2	1	17435	3720	0.381213309738701	0.528807991192872
QVR	2	1	17435	3720	0.381213309738701	0.528807991192872
RAP	2	1	17435	3720	0.381213309738701	0.528807991192872
RBD-FIP	2	1	17435	3720	0.381213309738701	0.528807991192872
Reeler	6	2	17435	3720	0.377458081295207	0.528807991192872
Retrotrans_gag	2	1	17435	3720	0.381213309738701	0.528807991192872
RhoGEF	27	7	17435	3720	0.349601030132847	0.528807991192872
Ribosomal_L30	2	1	17435	3720	0.381213309738701	0.528807991192872
Ribosomal_S17e	2	1	17435	3720	0.381213309738701	0.528807991192872
RIH_assoc	2	1	17435	3720	0.381213309738701	0.528807991192872
RRM_7	2	1	17435	3720	0.381213309738701	0.528807991192872
RYDR_ITPR	2	1	17435	3720	0.381213309738701	0.528807991192872
S1-like	2	1	17435	3720	0.381213309738701	0.528807991192872
SBF2	2	1	17435	3720	0.381213309738701	0.528807991192872
Sdh5	2	1	17435	3720	0.381213309738701	0.528807991192872
SERTA	2	1	17435	3720	0.381213309738701	0.528807991192872
SET	31	8	17435	3720	0.335935021792087	0.528807991192872
SH3_1	27	7	17435	3720	0.349601030132847	0.528807991192872
SH3BP5	2	1	17435	3720	0.381213309738701	0.528807991192872
SHIPPO-rpt	2	1	17435	3720	0.381213309738701	0.528807991192872
Skp1_POZ	2	1	17435	3720	0.381213309738701	0.528807991192872
SNAP	2	1	17435	3720	0.381213309738701	0.528807991192872
SPX	2	1	17435	3720	0.381213309738701	0.528807991192872
SRCR_2	2	1	17435	3720	0.381213309738701	0.528807991192872
SRF-TF	2	1	17435	3720	0.381213309738701	0.528807991192872
Sulfate_transp	10	3	17435	3720	0.36281798101004	0.528807991192872
Sulfotransfer_3	2	1	17435	3720	0.381213309738701	0.528807991192872
Synaptobrevin	6	2	17435	3720	0.377458081295207	0.528807991192872
TB2_DP1_HVA22	2	1	17435	3720	0.381213309738701	0.528807991192872
TGF_beta	6	2	17435	3720	0.377458081295207	0.528807991192872
THF_DHG_CYH	2	1	17435	3720	0.381213309738701	0.528807991192872
THF_DHG_CYH_C	2	1	17435	3720	0.381213309738701	0.528807991192872
TipE	2	1	17435	3720	0.381213309738701	0.528807991192872
TIR_2	2	1	17435	3720	0.381213309738701	0.528807991192872
TMEM132	2	1	17435	3720	0.381213309738701	0.528807991192872
TMEM132D_C	2	1	17435	3720	0.381213309738701	0.528807991192872
TPR_2	6	2	17435	3720	0.377458081295207	0.528807991192872
Trehalose_PPase	2	1	17435	3720	0.381213309738701	0.528807991192872
Trypsin_2	2	1	17435	3720	0.381213309738701	0.528807991192872
Ubiquitin_2	2	1	17435	3720	0.381213309738701	0.528807991192872
UIM	2	1	17435	3720	0.381213309738701	0.528807991192872
V-ATPase_G	2	1	17435	3720	0.381213309738701	0.528807991192872
vATP-synt_AC39	2	1	17435	3720	0.381213309738701	0.528807991192872
VKG_Carbox	2	1	17435	3720	0.381213309738701	0.528807991192872
VWD	6	2	17435	3720	0.377458081295207	0.528807991192872
zf-C4H2	2	1	17435	3720	0.381213309738701	0.528807991192872
zf-CCHC_2	2	1	17435	3720	0.381213309738701	0.528807991192872
zf-RING_UBOX	6	2	17435	3720	0.377458081295207	0.528807991192872
Ras	60	14	17435	3720	0.401782321895124	0.555478677879953
BACK	24	6	17435	3720	0.407077272422512	0.562214716845215
Ald_Xan_dh_C	11	3	17435	3720	0.426924107088412	0.586579609945855
Ald_Xan_dh_C2	11	3	17435	3720	0.426924107088412	0.586579609945855
ANAPC4_WD40	11	3	17435	3720	0.426924107088412	0.586579609945855
CO_deh_flav_C	11	3	17435	3720	0.426924107088412	0.586579609945855
RasGEF	11	3	17435	3720	0.426924107088412	0.586579609945855
A2M_N	7	2	17435	3720	0.459749061695496	0.622040948173967
A2M_N_2	7	2	17435	3720	0.459749061695496	0.622040948173967
CAP_GLY	7	2	17435	3720	0.459749061695496	0.622040948173967
Complex1_LYR	7	2	17435	3720	0.459749061695496	0.622040948173967
CS	7	2	17435	3720	0.459749061695496	0.622040948173967
DUF1943	7	2	17435	3720	0.459749061695496	0.622040948173967
FCH	7	2	17435	3720	0.459749061695496	0.622040948173967
FGGY_C	7	2	17435	3720	0.459749061695496	0.622040948173967
FGGY_N	7	2	17435	3720	0.459749061695496	0.622040948173967
FH2	7	2	17435	3720	0.459749061695496	0.622040948173967
Glyco_hydro_16	7	2	17435	3720	0.459749061695496	0.622040948173967
GTP_EFTU_D3	7	2	17435	3720	0.459749061695496	0.622040948173967
Peptidase_S9	7	2	17435	3720	0.459749061695496	0.622040948173967
RUN	7	2	17435	3720	0.459749061695496	0.622040948173967
TPR_19	7	2	17435	3720	0.459749061695496	0.622040948173967
2OG-FeII_Oxy	3	1	17435	3720	0.513255212324145	0.637971432141226
3HCDH	3	1	17435	3720	0.513255212324145	0.637971432141226
3HCDH_N	3	1	17435	3720	0.513255212324145	0.637971432141226
60KD_IMP	3	1	17435	3720	0.513255212324145	0.637971432141226
A_deaminase_N	3	1	17435	3720	0.513255212324145	0.637971432141226
Acyl_transf_1	3	1	17435	3720	0.513255212324145	0.637971432141226
Aldolase_II	3	1	17435	3720	0.513255212324145	0.637971432141226
ANAPC10	3	1	17435	3720	0.513255212324145	0.637971432141226
ArgoL1	3	1	17435	3720	0.513255212324145	0.637971432141226
ArgoN	3	1	17435	3720	0.513255212324145	0.637971432141226
ATP-grasp_2	3	1	17435	3720	0.513255212324145	0.637971432141226
ATP-synt_C	3	1	17435	3720	0.513255212324145	0.637971432141226
Bestrophin	3	1	17435	3720	0.513255212324145	0.637971432141226
Biotin_carb_C	3	1	17435	3720	0.513255212324145	0.637971432141226
Biotin_carb_N	3	1	17435	3720	0.513255212324145	0.637971432141226
BPL_LplA_LipB	3	1	17435	3720	0.513255212324145	0.637971432141226
CBM_21	3	1	17435	3720	0.513255212324145	0.637971432141226
CHGN	3	1	17435	3720	0.513255212324145	0.637971432141226
COX6B	3	1	17435	3720	0.513255212324145	0.637971432141226
Creatinase_N	3	1	17435	3720	0.513255212324145	0.637971432141226
Creatinase_N_2	3	1	17435	3720	0.513255212324145	0.637971432141226
CSN8_PSD8_EIF3K	3	1	17435	3720	0.513255212324145	0.637971432141226
Ctr	3	1	17435	3720	0.513255212324145	0.637971432141226
Cullin_binding	3	1	17435	3720	0.513255212324145	0.637971432141226
Cuticle_3	3	1	17435	3720	0.513255212324145	0.637971432141226
Dpy-30	3	1	17435	3720	0.513255212324145	0.637971432141226
DUF1053	3	1	17435	3720	0.513255212324145	0.637971432141226
DUF1981	3	1	17435	3720	0.513255212324145	0.637971432141226
DUF3694	3	1	17435	3720	0.513255212324145	0.637971432141226
EF-hand_like	3	1	17435	3720	0.513255212324145	0.637971432141226
Exostosin	3	1	17435	3720	0.513255212324145	0.637971432141226
FAD_binding_8	3	1	17435	3720	0.513255212324145	0.637971432141226
Fam20C	3	1	17435	3720	0.513255212324145	0.637971432141226
FG-GAP	3	1	17435	3720	0.513255212324145	0.637971432141226
Gb3_synth	3	1	17435	3720	0.513255212324145	0.637971432141226
Gly_transf_sug	3	1	17435	3720	0.513255212324145	0.637971432141226
Glyco_transf_49	3	1	17435	3720	0.513255212324145	0.637971432141226
Glyco_transf_64	3	1	17435	3720	0.513255212324145	0.637971432141226
HEAT_2	3	1	17435	3720	0.513255212324145	0.637971432141226
HIT	3	1	17435	3720	0.513255212324145	0.637971432141226
Integrin_beta	3	1	17435	3720	0.513255212324145	0.637971432141226
Kinesin_assoc	3	1	17435	3720	0.513255212324145	0.637971432141226
Ldh_1_C	3	1	17435	3720	0.513255212324145	0.637971432141226
Ldh_1_N	3	1	17435	3720	0.513255212324145	0.637971432141226
LLGL	3	1	17435	3720	0.513255212324145	0.637971432141226
LMWPc	3	1	17435	3720	0.513255212324145	0.637971432141226
LPMO_10	3	1	17435	3720	0.513255212324145	0.637971432141226
Lyase_1	3	1	17435	3720	0.513255212324145	0.637971432141226
malic	3	1	17435	3720	0.513255212324145	0.637971432141226
Malic_M	3	1	17435	3720	0.513255212324145	0.637971432141226
NAD_binding_6	3	1	17435	3720	0.513255212324145	0.637971432141226
OSR1_C	3	1	17435	3720	0.513255212324145	0.637971432141226
P_proprotein	3	1	17435	3720	0.513255212324145	0.637971432141226
P4Ha_N	3	1	17435	3720	0.513255212324145	0.637971432141226
PBP_GOBP	78	17	17435	3720	0.505167305620811	0.637971432141226
PCI	17	4	17435	3720	0.506508759517248	0.637971432141226
PDZ_2	3	1	17435	3720	0.513255212324145	0.637971432141226
Peptidase_C12	3	1	17435	3720	0.513255212324145	0.637971432141226
Peptidase_C54	3	1	17435	3720	0.513255212324145	0.637971432141226
Peptidase_M24_C	3	1	17435	3720	0.513255212324145	0.637971432141226
PET	3	1	17435	3720	0.513255212324145	0.637971432141226
PGM_PMM_I	3	1	17435	3720	0.513255212324145	0.637971432141226
PGM_PMM_IV	3	1	17435	3720	0.513255212324145	0.637971432141226
PNP_UDP_1	3	1	17435	3720	0.513255212324145	0.637971432141226
PseudoU_synth_1	3	1	17435	3720	0.513255212324145	0.637971432141226
PSI_integrin	3	1	17435	3720	0.513255212324145	0.637971432141226
RBD	3	1	17435	3720	0.513255212324145	0.637971432141226
Rieske	3	1	17435	3720	0.513255212324145	0.637971432141226
RNF220	3	1	17435	3720	0.513255212324145	0.637971432141226
RPN7	3	1	17435	3720	0.513255212324145	0.637971432141226
S-methyl_trans	3	1	17435	3720	0.513255212324145	0.637971432141226
SH3_9	26	6	17435	3720	0.490361713580175	0.637971432141226
Sina	3	1	17435	3720	0.513255212324145	0.637971432141226
Ski_Sno	3	1	17435	3720	0.513255212324145	0.637971432141226
Sod_Fe_C	3	1	17435	3720	0.513255212324145	0.637971432141226
Sod_Fe_N	3	1	17435	3720	0.513255212324145	0.637971432141226
Str_synth	3	1	17435	3720	0.513255212324145	0.637971432141226
Syntaxin	3	1	17435	3720	0.513255212324145	0.637971432141226
TM2	3	1	17435	3720	0.513255212324145	0.637971432141226
TPR_6	3	1	17435	3720	0.513255212324145	0.637971432141226
Transketolase_C	3	1	17435	3720	0.513255212324145	0.637971432141226
UAA	3	1	17435	3720	0.513255212324145	0.637971432141226
VGCC_alpha2	3	1	17435	3720	0.513255212324145	0.637971432141226
VHP	3	1	17435	3720	0.513255212324145	0.637971432141226
VWA_2	3	1	17435	3720	0.513255212324145	0.637971432141226
VWA_N	3	1	17435	3720	0.513255212324145	0.637971432141226
WIF	3	1	17435	3720	0.513255212324145	0.637971432141226
A2M_recep	8	2	17435	3720	0.535273747918965	0.659790625331069
BTB	65	14	17435	3720	0.53302353305886	0.659790625331069
Cytochrom_B561	8	2	17435	3720	0.535273747918965	0.659790625331069
Fer2	8	2	17435	3720	0.535273747918965	0.659790625331069
FR47	8	2	17435	3720	0.535273747918965	0.659790625331069
GST_C_3	8	2	17435	3720	0.535273747918965	0.659790625331069
RasGEF_N	8	2	17435	3720	0.535273747918965	0.659790625331069
STAS	8	2	17435	3720	0.535273747918965	0.659790625331069
T-box	8	2	17435	3720	0.535273747918965	0.659790625331069
Pkinase_Tyr	51	11	17435	3720	0.538974525342927	0.663737146950086
ADH_N	13	3	17435	3720	0.546746802250661	0.670824028591678
DSPc	13	3	17435	3720	0.546746802250661	0.670824028591678
Kelch_1	13	3	17435	3720	0.546746802250661	0.670824028591678
SPRY	13	3	17435	3720	0.546746802250661	0.670824028591678
OS-D	42	9	17435	3720	0.554883283713985	0.680179509068755
C1_1	23	5	17435	3720	0.56287937899009	0.688078652625754
Tetraspannin	23	5	17435	3720	0.56287937899009	0.688078652625754
zf-MYND	23	5	17435	3720	0.56287937899009	0.688078652625754
A2M	9	2	17435	3720	0.603172848555091	0.71809162506755
A2M_comp	9	2	17435	3720	0.603172848555091	0.71809162506755
AAA_16	4	1	17435	3720	0.617126862746022	0.71809162506755
Ammonium_transp	4	1	17435	3720	0.617126862746022	0.71809162506755
BAR	4	1	17435	3720	0.617126862746022	0.71809162506755
Biopterin_H	4	1	17435	3720	0.617126862746022	0.71809162506755
Cation_ATPase	9	2	17435	3720	0.603172848555091	0.71809162506755
cEGF	4	1	17435	3720	0.617126862746022	0.71809162506755
Choline_transpo	4	1	17435	3720	0.617126862746022	0.71809162506755
Chromo_shadow	4	1	17435	3720	0.617126862746022	0.71809162506755
CPSase_L_D2	4	1	17435	3720	0.617126862746022	0.71809162506755
CRAL_TRIO_2	4	1	17435	3720	0.617126862746022	0.71809162506755
DM	4	1	17435	3720	0.617126862746022	0.71809162506755
DUF1899	4	1	17435	3720	0.617126862746022	0.71809162506755
DUF3585	4	1	17435	3720	0.617126862746022	0.71809162506755
DUF4728	4	1	17435	3720	0.617126862746022	0.71809162506755
FA_desaturase	9	2	17435	3720	0.603172848555091	0.71809162506755
FAO_M	4	1	17435	3720	0.617126862746022	0.71809162506755
Ferric_reduct	4	1	17435	3720	0.617126862746022	0.71809162506755
GDP_Man_Dehyd	4	1	17435	3720	0.617126862746022	0.71809162506755
Glyco_hydro_31	9	2	17435	3720	0.603172848555091	0.71809162506755
GST_C_2	4	1	17435	3720	0.617126862746022	0.71809162506755
HlyIII	4	1	17435	3720	0.617126862746022	0.71809162506755
Hydrolase_4	4	1	17435	3720	0.617126862746022	0.71809162506755
JAB	9	2	17435	3720	0.603172848555091	0.71809162506755
L51_S25_CI-B8	4	1	17435	3720	0.617126862746022	0.71809162506755
LRR_4	9	2	17435	3720	0.603172848555091	0.71809162506755
Methyltransf_16	4	1	17435	3720	0.617126862746022	0.71809162506755
MH1	4	1	17435	3720	0.617126862746022	0.71809162506755
MH2	4	1	17435	3720	0.617126862746022	0.71809162506755
MOSC	4	1	17435	3720	0.617126862746022	0.71809162506755
MOSC_N	4	1	17435	3720	0.617126862746022	0.71809162506755
Mpv17_PMP22	9	2	17435	3720	0.603172848555091	0.71809162506755
MTS	4	1	17435	3720	0.617126862746022	0.71809162506755
Oxysterol_BP	4	1	17435	3720	0.617126862746022	0.71809162506755
PALP	4	1	17435	3720	0.617126862746022	0.71809162506755
PAS	9	2	17435	3720	0.603172848555091	0.71809162506755
PAS_3	4	1	17435	3720	0.617126862746022	0.71809162506755
Patatin	4	1	17435	3720	0.617126862746022	0.71809162506755
PH_BEACH	4	1	17435	3720	0.617126862746022	0.71809162506755
PI-PLC-Y	4	1	17435	3720	0.617126862746022	0.71809162506755
Pou	4	1	17435	3720	0.617126862746022	0.71809162506755
PSI	9	2	17435	3720	0.603172848555091	0.71809162506755
RAWUL	4	1	17435	3720	0.617126862746022	0.71809162506755
RVT_1	4	1	17435	3720	0.617126862746022	0.71809162506755
S8_pro-domain	4	1	17435	3720	0.617126862746022	0.71809162506755
SAM_2	9	2	17435	3720	0.603172848555091	0.71809162506755
SCP2	9	2	17435	3720	0.603172848555091	0.71809162506755
Sel1	4	1	17435	3720	0.617126862746022	0.71809162506755
SH2	29	6	17435	3720	0.606588915032136	0.71809162506755
SIX1_SD	4	1	17435	3720	0.617126862746022	0.71809162506755
Tektin	4	1	17435	3720	0.617126862746022	0.71809162506755
VHS	4	1	17435	3720	0.617126862746022	0.71809162506755
Vitellogenin_N	9	2	17435	3720	0.603172848555091	0.71809162506755
WD40_4	4	1	17435	3720	0.617126862746022	0.71809162506755
bZIP_2	10	2	17435	3720	0.663261565441354	0.768412789230837
CBM39	10	2	17435	3720	0.663261565441354	0.768412789230837
E1-E2_ATPase	10	2	17435	3720	0.663261565441354	0.768412789230837
GTP_EFTU_D2	10	2	17435	3720	0.663261565441354	0.768412789230837
Hydrolase_6	10	2	17435	3720	0.663261565441354	0.768412789230837
1-cysPrx_C	5	1	17435	3720	0.69883692359077	0.77713470599977
2-Hacid_dh	5	1	17435	3720	0.69883692359077	0.77713470599977
2-Hacid_dh_C	5	1	17435	3720	0.69883692359077	0.77713470599977
2OG-FeII_Oxy_3	5	1	17435	3720	0.69883692359077	0.77713470599977
ACBP	5	1	17435	3720	0.69883692359077	0.77713470599977
Activin_recp	5	1	17435	3720	0.69883692359077	0.77713470599977
Adap_comp_sub	5	1	17435	3720	0.69883692359077	0.77713470599977
ADK	5	1	17435	3720	0.69883692359077	0.77713470599977
AhpC-TSA	5	1	17435	3720	0.69883692359077	0.77713470599977
Ank_3	5	1	17435	3720	0.69883692359077	0.77713470599977
Bax1-I	5	1	17435	3720	0.69883692359077	0.77713470599977
CBS	5	1	17435	3720	0.69883692359077	0.77713470599977
CDP-OH_P_transf	5	1	17435	3720	0.69883692359077	0.77713470599977
CLIP	36	7	17435	3720	0.673313486746963	0.77713470599977
DAGK_acc	5	1	17435	3720	0.69883692359077	0.77713470599977
DnaJ_C	5	1	17435	3720	0.69883692359077	0.77713470599977
EB	5	1	17435	3720	0.69883692359077	0.77713470599977
ELM2	5	1	17435	3720	0.69883692359077	0.77713470599977
Folate_carrier	5	1	17435	3720	0.69883692359077	0.77713470599977
G_glu_transpept	5	1	17435	3720	0.69883692359077	0.77713470599977
Glutaredoxin	5	1	17435	3720	0.69883692359077	0.77713470599977
Glyco_hydro_20	5	1	17435	3720	0.69883692359077	0.77713470599977
Glyco_hydro_65m	5	1	17435	3720	0.69883692359077	0.77713470599977
Glyco_transf_92	5	1	17435	3720	0.69883692359077	0.77713470599977
GRIP	5	1	17435	3720	0.69883692359077	0.77713470599977
HATPase_c	5	1	17435	3720	0.69883692359077	0.77713470599977
La	5	1	17435	3720	0.69883692359077	0.77713470599977
Lactamase_B	5	1	17435	3720	0.69883692359077	0.77713470599977
Lig_chan	36	7	17435	3720	0.673313486746963	0.77713470599977
Lys	5	1	17435	3720	0.69883692359077	0.77713470599977
Na_H_Exchanger	5	1	17435	3720	0.69883692359077	0.77713470599977
Orn_DAP_Arg_deC	5	1	17435	3720	0.69883692359077	0.77713470599977
Otopetrin	5	1	17435	3720	0.69883692359077	0.77713470599977
Peptidase_M16	5	1	17435	3720	0.69883692359077	0.77713470599977
Peptidase_M19	5	1	17435	3720	0.69883692359077	0.77713470599977
Peptidase_S8	5	1	17435	3720	0.69883692359077	0.77713470599977
Porin_3	5	1	17435	3720	0.69883692359077	0.77713470599977
PQ-loop	5	1	17435	3720	0.69883692359077	0.77713470599977
Radical_SAM	5	1	17435	3720	0.69883692359077	0.77713470599977
RHD_DNA_bind	5	1	17435	3720	0.69883692359077	0.77713470599977
Sec1	5	1	17435	3720	0.69883692359077	0.77713470599977
SGL	5	1	17435	3720	0.69883692359077	0.77713470599977
Thiol-ester_cl	5	1	17435	3720	0.69883692359077	0.77713470599977
TIG	5	1	17435	3720	0.69883692359077	0.77713470599977
TPR_7	5	1	17435	3720	0.69883692359077	0.77713470599977
Tubulin	26	5	17435	3720	0.678825681135224	0.77713470599977
VPS9	5	1	17435	3720	0.69883692359077	0.77713470599977
zf-C2H2_2	5	1	17435	3720	0.69883692359077	0.77713470599977
ABC2_membrane_3	11	2	17435	3720	0.715781000630897	0.791345578419861
Alk_phosphatase	11	2	17435	3720	0.715781000630897	0.791345578419861
DHHC	11	2	17435	3720	0.715781000630897	0.791345578419861
DUF1091	11	2	17435	3720	0.715781000630897	0.791345578419861
FA_hydroxylase	11	2	17435	3720	0.715781000630897	0.791345578419861
Peptidase_C1	11	2	17435	3720	0.715781000630897	0.791345578419861
TPR_1	11	2	17435	3720	0.715781000630897	0.791345578419861
HLH	53	10	17435	3720	0.721028451404512	0.79648491724917
AAA	39	7	17435	3720	0.75583399920464	0.829199248714334
Amidase	6	1	17435	3720	0.763112692049883	0.829199248714334
Aminotran_1_2	12	2	17435	3720	0.761224900801848	0.829199248714334
Beach	6	1	17435	3720	0.763112692049883	0.829199248714334
Dynamin_N	6	1	17435	3720	0.763112692049883	0.829199248714334
EGF_2	6	1	17435	3720	0.763112692049883	0.829199248714334
GCV_T	6	1	17435	3720	0.763112692049883	0.829199248714334
GCV_T_C	6	1	17435	3720	0.763112692049883	0.829199248714334
Hairy_orange	6	1	17435	3720	0.763112692049883	0.829199248714334
Hydrolase	6	1	17435	3720	0.763112692049883	0.829199248714334
LRR_9	12	2	17435	3720	0.761224900801848	0.829199248714334
Methyltransf_11	6	1	17435	3720	0.763112692049883	0.829199248714334
OATP	6	1	17435	3720	0.763112692049883	0.829199248714334
PrmA	6	1	17435	3720	0.763112692049883	0.829199248714334
Rap_GAP	6	1	17435	3720	0.763112692049883	0.829199248714334
RHD_dimer	6	1	17435	3720	0.763112692049883	0.829199248714334
RNase_T	6	1	17435	3720	0.763112692049883	0.829199248714334
Tctex-1	6	1	17435	3720	0.763112692049883	0.829199248714334
Tim17	6	1	17435	3720	0.763112692049883	0.829199248714334
zf-LITAF-like	6	1	17435	3720	0.763112692049883	0.829199248714334
Arm	7	1	17435	3720	0.813673297108947	0.875554599639887
Brix	7	1	17435	3720	0.813673297108947	0.875554599639887
DAGK_cat	7	1	17435	3720	0.813673297108947	0.875554599639887
DUF3421	7	1	17435	3720	0.813673297108947	0.875554599639887
Frizzled	7	1	17435	3720	0.813673297108947	0.875554599639887
Galactosyl_T	7	1	17435	3720	0.813673297108947	0.875554599639887
GATA	7	1	17435	3720	0.813673297108947	0.875554599639887
IBR	7	1	17435	3720	0.813673297108947	0.875554599639887
Inhibitor_I29	7	1	17435	3720	0.813673297108947	0.875554599639887
Peptidase_M16_C	7	1	17435	3720	0.813673297108947	0.875554599639887
polyprenyl_synt	7	1	17435	3720	0.813673297108947	0.875554599639887
TIL	7	1	17435	3720	0.813673297108947	0.875554599639887
zf-RING_2	31	5	17435	3720	0.821870827942203	0.883660631498084
E1_DerP2_DerF2	20	3	17435	3720	0.832210116032667	0.892612463164071
HMG_box	20	3	17435	3720	0.832210116032667	0.892612463164071
WW	20	3	17435	3720	0.832210116032667	0.892612463164071
Ins_allergen_rp	14	2	17435	3720	0.83345102330161	0.893223095077471
5_nucleotid_C	8	1	17435	3720	0.853444661278945	0.905890981245807
Amino_oxidase	8	1	17435	3720	0.853444661278945	0.905890981245807
GRAM	8	1	17435	3720	0.853444661278945	0.905890981245807
MBOAT	8	1	17435	3720	0.853444661278945	0.905890981245807
MIF4G	8	1	17435	3720	0.853444661278945	0.905890981245807
PAP2	8	1	17435	3720	0.853444661278945	0.905890981245807
Pyr_redox_2	8	1	17435	3720	0.853444661278945	0.905890981245807
Ribosomal_L7Ae	8	1	17435	3720	0.853444661278945	0.905890981245807
SAP	8	1	17435	3720	0.853444661278945	0.905890981245807
TTL	8	1	17435	3720	0.853444661278945	0.905890981245807
WRW	8	1	17435	3720	0.853444661278945	0.905890981245807
zf-UBP	8	1	17435	3720	0.853444661278945	0.905890981245807
zf-C4	21	3	17435	3720	0.856761831402644	0.908686790881592
Acyltransferase	15	2	17435	3720	0.86159976387156	0.911636981662032
HECT	15	2	17435	3720	0.86159976387156	0.911636981662032
Ricin_B_lectin	15	2	17435	3720	0.86159976387156	0.911636981662032
F-box-like	56	9	17435	3720	0.872412528443748	0.922343929117794
Metallophos	28	4	17435	3720	0.877367667627711	0.926845907819584
CN_hydrolase	9	1	17435	3720	0.884728637869427	0.930189002661136
Peptidase_M28	9	1	17435	3720	0.884728637869427	0.930189002661136
Pkinase_C	9	1	17435	3720	0.884728637869427	0.930189002661136
SOCS_box	9	1	17435	3720	0.884728637869427	0.930189002661136
Sulfatase	9	1	17435	3720	0.884728637869427	0.930189002661136
zf-RanBP	9	1	17435	3720	0.884728637869427	0.930189002661136
UCH	23	3	17435	3720	0.896572378929807	0.941896732998928
Fz	10	1	17435	3720	0.909336090361435	0.947076742506428
Gal-bind_lectin	10	1	17435	3720	0.909336090361435	0.947076742506428
Glycos_transf_2	17	2	17435	3720	0.905225003142924	0.947076742506428
Hydrolase_like	10	1	17435	3720	0.909336090361435	0.947076742506428
NUDIX	10	1	17435	3720	0.909336090361435	0.947076742506428
PAX	10	1	17435	3720	0.909336090361435	0.947076742506428
Peptidase_C14	10	1	17435	3720	0.909336090361435	0.947076742506428
Peptidase_M24	10	1	17435	3720	0.909336090361435	0.947076742506428
Piwi	10	1	17435	3720	0.909336090361435	0.947076742506428
zf-C3HC4_2	10	1	17435	3720	0.909336090361435	0.947076742506428
Zip	10	1	17435	3720	0.909336090361435	0.947076742506428
Kinesin	24	3	17435	3720	0.912480145220711	0.949607662866624
Chromo	11	1	17435	3720	0.928691599334489	0.96271225807862
ECH_1	11	1	17435	3720	0.928691599334489	0.96271225807862
Endonuclease_NS	11	1	17435	3720	0.928691599334489	0.96271225807862
RabGAP-TBC	25	3	17435	3720	0.926129256383726	0.96271225807862
ZZ	11	1	17435	3720	0.928691599334489	0.96271225807862
GTP_EFTU	19	2	17435	3720	0.935709661716186	0.967724611261685
Hormone_recep	19	2	17435	3720	0.935709661716186	0.967724611261685
zf-B_box	19	2	17435	3720	0.935709661716186	0.967724611261685
DnaJ	33	4	17435	3720	0.942849371002024	0.973184553017053
PP2C	12	1	17435	3720	0.943915844655638	0.973184553017053
TPR_11	12	1	17435	3720	0.943915844655638	0.973184553017053
UBA	12	1	17435	3720	0.943915844655638	0.973184553017053
HTH_psq	28	3	17435	3720	0.956184391075629	0.981269475409403
HTH_Tnp_4	13	1	17435	3720	0.95589042181692	0.981269475409403
RCC1	13	1	17435	3720	0.95589042181692	0.981269475409403
TPR_12	13	1	17435	3720	0.95589042181692	0.981269475409403
TPR_16	13	1	17435	3720	0.95589042181692	0.981269475409403
zf-C2H2_jaz	13	1	17435	3720	0.95589042181692	0.981269475409403
KH_1	22	2	17435	3720	0.964592896737437	0.988373307134662
SAM_1	22	2	17435	3720	0.964592896737437	0.988373307134662
Astacin	24	2	17435	3720	0.976397486387803	0.995865534429277
DM4_12	24	2	17435	3720	0.976397486387803	0.995865534429277
Pro_isomerase	15	1	17435	3720	0.972716628031312	0.995865534429277
RhoGAP	24	2	17435	3720	0.976397486387803	0.995865534429277
TPR_8	24	2	17435	3720	0.976397486387803	0.995865534429277
ubiquitin	24	2	17435	3720	0.976397486387803	0.995865534429277
Mito_carr	39	4	17435	3720	0.97870432973236	0.997453454823018
Thioredoxin	25	2	17435	3720	0.98076863682294	0.998791950210192
7tm_6	72	1	17435	3720	0.999999969911883	1
7tm_7	31	1	17435	3720	0.999416764679997	1
CENP-T_C	95	1	17435	3720	0.999999999882989	1
DDE_1	52	2	17435	3720	0.999943522896567	1
DDE_Tnp_4	48	1	17435	3720	0.999990238682956	1
DUF1676	25	1	17435	3720	0.997532157414804	1
DUF4806	32	1	17435	3720	0.999541427710933	1
FHA	18	1	17435	3720	0.986729264824665	1
FYVE	17	1	17435	3720	0.983125298197987	1
Histone	259	2	17435	3720	1	1
HTH_Tnp_Tc5	33	1	17435	3720	0.999639450403304	1
Linker_histone	88	3	17435	3720	0.999999803341336	1
PHD	22	1	17435	3720	0.994924687838073	1
Pkinase	169	23	17435	3720	0.996326816841943	1
PX	18	1	17435	3720	0.986729264824665	1
RRM_1	129	13	17435	3720	0.999778032779554	1
THAP	82	1	17435	3720	0.999999997302639	1
WD40	140	12	17435	3720	0.999986380009351	1
zf-AD	343	6	17435	3720	1	1
zf-C2H2	485	34	17435	3720	1	1
zf-C2H2_4	57	4	17435	3720	0.999189336049913	1
zf-C2H2_6	128	8	17435	3720	0.999999455277754	1
zf-C3HC4_3	25	1	17435	3720	0.997532157414804	1
zf-met	83	1	17435	3720	0.999999997880878	1
