annot	freq_in_pop	freq_in_int	total_ano_in_pop	total_ano_in_int	pval	pval_adj
I-set	93	51	17435	3660	7.6202600067789e-13	1.03330725691922e-09
Ig_3	92	44	17435	3660	8.54577191389929e-09	5.79403335762372e-06
Neur_chan_LBD	26	19	17435	3660	1.77583574677879e-08	8.02677757544013e-06
CRAL_TRIO	45	26	17435	3660	7.66406031753339e-08	2.59811644764382e-05
Sterile	24	17	17435	3660	2.15819562341928e-07	5.85302653071307e-05
Neur_chan_memb	22	16	17435	3660	2.7826353279695e-07	6.28875584121107e-05
NAD_binding_4	27	18	17435	3660	3.91955082604246e-07	7.59272988587655e-05
Ion_trans	43	24	17435	3660	5.85977966405062e-07	9.93232653056581e-05
TSP_1	17	13	17435	3660	1.51810440693027e-06	0.000226523520394343
UDPGT	34	20	17435	3660	1.67052743653645e-06	0.000226523520394343
ABC2_membrane	20	14	17435	3660	3.34232670408111e-06	0.000412017728248545
EGF	26	16	17435	3660	8.29381500493835e-06	0.000937201095558033
JHBP	24	15	17435	3660	1.22361775353114e-05	0.00127632744137556
Chitin_bind_4	201	68	17435	3660	1.49563736831257e-05	0.00144863162245132
CD36	13	10	17435	3660	2.50088759737603e-05	0.00220111884203618
V-set	20	13	17435	3660	2.59719037408399e-05	0.00220111884203618
PDZ	63	27	17435	3660	7.28813662257868e-05	0.00549039625567594
Proteasome	14	10	17435	3660	7.09614499876042e-05	0.00549039625567594
SNF	19	12	17435	3660	8.1486325565775e-05	0.00581555039301004
Collagen	10	8	17435	3660	0.000111761608581756	0.00757743706184308
adh_short	66	27	17435	3660	0.000188024112864695	0.0121409855735489
p450	152	51	17435	3660	0.000207790188066559	0.0128074315917388
fn3	44	20	17435	3660	0.000236384790093545	0.0138022358290031
Ion_trans_2	13	9	17435	3660	0.000244287359805365	0.0138022358290031
Laminin_G_2	16	10	17435	3660	0.000373666035736824	0.0202676457783653
Claudin_2	5	5	17435	3660	0.000406778227676404	0.0204293065455261
ig	5	5	17435	3660	0.000406778227676404	0.0204293065455261
CBM_14	101	36	17435	3660	0.00047313214795985	0.0221389294372722
CRAL_TRIO_N	7	6	17435	3660	0.000489799323833457	0.0221389294372722
Laminin_N	7	6	17435	3660	0.000489799323833457	0.0221389294372722
7tm_2	14	9	17435	3660	0.000556273997477335	0.0235721106431021
ELO	22	12	17435	3660	0.000553888023992196	0.0235721106431021
LRR_8	129	43	17435	3660	0.000731023853084806	0.0300384346903938
LRR_5	12	8	17435	3660	0.000816727245381344	0.0325730042569736
ABC_tran	58	23	17435	3660	0.000921595140431714	0.0357052288692972
C2-set_2	29	14	17435	3660	0.000970614837165851	0.036559825533247
DOMON	10	7	17435	3660	0.00117135039766344	0.0417987141903058
Laminin_G_1	10	7	17435	3660	0.00117135039766344	0.0417987141903058
Aa_trans	21	11	17435	3660	0.00146996353211589	0.0511095012704911
ADAM_spacer1	4	4	17435	3660	0.00193942868890246	0.0584414511589275
EF-hand_7	47	19	17435	3660	0.00191790226517765	0.0584414511589275
HRM	4	4	17435	3660	0.00193942868890246	0.0584414511589275
Ig_2	13	8	17435	3660	0.00173263106230291	0.0584414511589275
Lipase_GDSL	4	4	17435	3660	0.00193942868890246	0.0584414511589275
PLAC	4	4	17435	3660	0.00193942868890246	0.0584414511589275
MFS_1_like	6	5	17435	3660	0.00201417067926633	0.0593742487192422
Laminin_EGF	11	7	17435	3660	0.0026368969919623	0.074492340022935
Sushi	11	7	17435	3660	0.0026368969919623	0.074492340022935
Ldl_recept_a	29	13	17435	3660	0.0033594715056033	0.0911088672319614
SSF	14	8	17435	3660	0.00330110714873702	0.0911088672319614
ANF_receptor	23	11	17435	3660	0.00371356728764059	0.0987372008243263
PP-binding	9	6	17435	3660	0.00396687852088813	0.103443986044698
EF-hand_8	15	8	17435	3660	0.00578045359660008	0.141050613142903
EGF_CA	24	11	17435	3660	0.00557005767970676	0.141050613142903
LRR_1	15	8	17435	3660	0.00578045359660008	0.141050613142903
wnt	7	5	17435	3660	0.00582509906784851	0.141050613142903
EcKinase	48	18	17435	3660	0.00642424202248428	0.150194347973943
Lipase	41	16	17435	3660	0.00639188695544169	0.150194347973943
CH	25	11	17435	3660	0.00808561229056343	0.169404148826424
COLFI	3	3	17435	3660	0.00924476918374289	0.169404148826424
Eclosion	3	3	17435	3660	0.00924476918374289	0.169404148826424
F5_F8_type_C	5	4	17435	3660	0.00807003053380669	0.169404148826424
FERM_M	22	10	17435	3660	0.00871925804626518	0.169404148826424
MAM	3	3	17435	3660	0.00924476918374289	0.169404148826424
Na_Ca_ex	10	6	17435	3660	0.00816017070572518	0.169404148826424
Proton_antipo_M	3	3	17435	3660	0.00924476918374289	0.169404148826424
Retinin_C	3	3	17435	3660	0.00924476918374289	0.169404148826424
Somatomedin_B	3	3	17435	3660	0.00924476918374289	0.169404148826424
SPARC_Ca_bdg	3	3	17435	3660	0.00924476918374289	0.169404148826424
SRCR	3	3	17435	3660	0.00924476918374289	0.169404148826424
Troponin	3	3	17435	3660	0.00924476918374289	0.169404148826424
TRP_2	3	3	17435	3660	0.00924476918374289	0.169404148826424
WAP	5	4	17435	3660	0.00807003053380669	0.169404148826424
ZU5	5	4	17435	3660	0.00807003053380669	0.169404148826424
CAP	26	11	17435	3660	0.0113994689821199	0.205911224983946
MFS_1	69	23	17435	3660	0.011540747122994	0.205911224983946
Alpha-amylase	23	10	17435	3660	0.0125697893990533	0.212534814479793
Arrestin_C	23	10	17435	3660	0.0125697893990533	0.212534814479793
Arrestin_N	23	10	17435	3660	0.0125697893990533	0.212534814479793
EF-hand_1	8	5	17435	3660	0.0128524002856512	0.212534814479793
EF-hand_5	8	5	17435	3660	0.0128524002856512	0.212534814479793
Zona_pellucida	8	5	17435	3660	0.0128524002856512	0.212534814479793
7tm_1	86	27	17435	3660	0.0153801115106874	0.251270255524001
GMC_oxred_C	24	10	17435	3660	0.0175695977700152	0.280286759719301
GMC_oxred_N	24	10	17435	3660	0.0175695977700152	0.280286759719301
AMP-binding	38	14	17435	3660	0.0180982753044695	0.282128384838715
Annexin	6	4	17435	3660	0.0201817502428874	0.282128384838715
Cadherin	21	9	17435	3660	0.0195710910658526	0.282128384838715
Cu2_monoox_C	6	4	17435	3660	0.0201817502428874	0.282128384838715
Cu2_monooxygen	6	4	17435	3660	0.0201817502428874	0.282128384838715
G-gamma	6	4	17435	3660	0.0201817502428874	0.282128384838715
GD_N	6	4	17435	3660	0.0201817502428874	0.282128384838715
GPHH	6	4	17435	3660	0.0201817502428874	0.282128384838715
Innexin	6	4	17435	3660	0.0201817502428874	0.282128384838715
Laminin_B	6	4	17435	3660	0.0201817502428874	0.282128384838715
Spaetzle	6	4	17435	3660	0.0201817502428874	0.282128384838715
Thioesterase	6	4	17435	3660	0.0201817502428874	0.282128384838715
Actin	18	8	17435	3660	0.021553142166859	0.289366938398621
Hemocyanin_C	18	8	17435	3660	0.021553142166859	0.289366938398621
Hemocyanin_M	18	8	17435	3660	0.021553142166859	0.289366938398621
Hemocyanin_N	18	8	17435	3660	0.021553142166859	0.289366938398621
AMP-binding_C	32	12	17435	3660	0.0239621405046578	0.306534552116188
An_peroxidase	15	7	17435	3660	0.0233014852285697	0.306534552116188
Guanylate_kin	9	5	17435	3660	0.023959302491605	0.306534552116188
Mpv17_PMP22	9	5	17435	3660	0.023959302491605	0.306534552116188
Pep_M12B_propep	9	5	17435	3660	0.023959302491605	0.306534552116188
BTB_2	12	6	17435	3660	0.0243910636873056	0.309105442616696
Cuticle_4	22	9	17435	3660	0.0270838985409515	0.340053392791947
Aminotran_3	4	3	17435	3660	0.0311607906682642	0.355075900387951
Ca_chan_IQ	4	3	17435	3660	0.0311607906682642	0.355075900387951
Calponin	4	3	17435	3660	0.0311607906682642	0.355075900387951
DUF829	4	3	17435	3660	0.0311607906682642	0.355075900387951
EF-hand_6	4	3	17435	3660	0.0311607906682642	0.355075900387951
FAD-oxidase_C	4	3	17435	3660	0.0311607906682642	0.355075900387951
HNOB	4	3	17435	3660	0.0311607906682642	0.355075900387951
HYR	4	3	17435	3660	0.0311607906682642	0.355075900387951
L27	4	3	17435	3660	0.0311607906682642	0.355075900387951
PG_binding_1	4	3	17435	3660	0.0311607906682642	0.355075900387951
SDF	4	3	17435	3660	0.0311607906682642	0.355075900387951
CUB	26	10	17435	3660	0.031700245865189	0.358212778276635
ACAS_N	2	2	17435	3660	0.044057971891796	0.364284206617533
Acylphosphatase	2	2	17435	3660	0.044057971891796	0.364284206617533
BetaGal_dom4_5	2	2	17435	3660	0.044057971891796	0.364284206617533
C4	2	2	17435	3660	0.044057971891796	0.364284206617533
CLCA	2	2	17435	3660	0.044057971891796	0.364284206617533
CUT	2	2	17435	3660	0.044057971891796	0.364284206617533
Destabilase	2	2	17435	3660	0.044057971891796	0.364284206617533
DUF1397	10	5	17435	3660	0.0397584342774849	0.364284206617533
DUF3808	2	2	17435	3660	0.044057971891796	0.364284206617533
DUF4481	2	2	17435	3660	0.044057971891796	0.364284206617533
DUF4749	2	2	17435	3660	0.044057971891796	0.364284206617533
EMI	2	2	17435	3660	0.044057971891796	0.364284206617533
Ephrin_rec_like	2	2	17435	3660	0.044057971891796	0.364284206617533
FAD_binding_2	2	2	17435	3660	0.044057971891796	0.364284206617533
Gln-synt_C	2	2	17435	3660	0.044057971891796	0.364284206617533
Glyco_hydro_15	2	2	17435	3660	0.044057971891796	0.364284206617533
Glyco_transf_29	2	2	17435	3660	0.044057971891796	0.364284206617533
Glyoxalase	2	2	17435	3660	0.044057971891796	0.364284206617533
Homeobox	93	27	17435	3660	0.0411630113181728	0.364284206617533
KR	7	4	17435	3660	0.039323951809606	0.364284206617533
LIM	30	11	17435	3660	0.0354922653683301	0.364284206617533
Melibiase_2	2	2	17435	3660	0.044057971891796	0.364284206617533
Melibiase_2_C	2	2	17435	3660	0.044057971891796	0.364284206617533
MIG-14_Wnt-bd	2	2	17435	3660	0.044057971891796	0.364284206617533
MPC	2	2	17435	3660	0.044057971891796	0.364284206617533
Myofilin	2	2	17435	3660	0.044057971891796	0.364284206617533
NDUFA12	2	2	17435	3660	0.044057971891796	0.364284206617533
NTR	2	2	17435	3660	0.044057971891796	0.364284206617533
Oxidored_q6	2	2	17435	3660	0.044057971891796	0.364284206617533
Pacifastin_I	2	2	17435	3660	0.044057971891796	0.364284206617533
Palm_thioest	2	2	17435	3660	0.044057971891796	0.364284206617533
PC_rep	2	2	17435	3660	0.044057971891796	0.364284206617533
PDGF	2	2	17435	3660	0.044057971891796	0.364284206617533
PID	10	5	17435	3660	0.0397584342774849	0.364284206617533
PMT	2	2	17435	3660	0.044057971891796	0.364284206617533
PMT_4TMC	2	2	17435	3660	0.044057971891796	0.364284206617533
Proteasome_A_N	7	4	17435	3660	0.039323951809606	0.364284206617533
QVR	2	2	17435	3660	0.044057971891796	0.364284206617533
RA	16	7	17435	3660	0.0340712536769769	0.364284206617533
Sarcoglycan_1	2	2	17435	3660	0.044057971891796	0.364284206617533
Sprouty	2	2	17435	3660	0.044057971891796	0.364284206617533
Sugar_tr	61	19	17435	3660	0.0409082613814124	0.364284206617533
Tropomyosin	2	2	17435	3660	0.044057971891796	0.364284206617533
UDPGP	2	2	17435	3660	0.044057971891796	0.364284206617533
Ank	31	11	17435	3660	0.044886902028886	0.366682893217708
Trypsin	324	81	17435	3660	0.04488890875674	0.366682893217708
HSP70	17	7	17435	3660	0.0476891773199666	0.384919788368302
Sulfotransfer_1	17	7	17435	3660	0.0476891773199666	0.384919788368302
2-oxoacid_dh	3	2	17435	3660	0.113684377307902	0.401488017350765
2-oxogl_dehyd_N	1	1	17435	3660	0.209922569544021	0.401488017350765
2Fe-2S_thioredx	1	1	17435	3660	0.209922569544021	0.401488017350765
4HBT	1	1	17435	3660	0.209922569544021	0.401488017350765
7tm_3	12	5	17435	3660	0.0864070348636763	0.401488017350765
A_deaminase	5	3	17435	3660	0.0657969308699503	0.401488017350765
A_deaminase_N	3	2	17435	3660	0.113684377307902	0.401488017350765
AA_permease	6	3	17435	3660	0.111412111497013	0.401488017350765
AA_permease_2	11	4	17435	3660	0.183716923990713	0.401488017350765
AAA_28	1	1	17435	3660	0.209922569544021	0.401488017350765
AAA_5	10	4	17435	3660	0.138935150493553	0.401488017350765
AAA_6	11	5	17435	3660	0.0605670468735218	0.401488017350765
AAA_7	12	5	17435	3660	0.0864070348636763	0.401488017350765
AAA_8	11	5	17435	3660	0.0605670468735218	0.401488017350765
AAA_9	12	5	17435	3660	0.0864070348636763	0.401488017350765
Abdominal-A	1	1	17435	3660	0.209922569544021	0.401488017350765
Abhydrolase_1	25	9	17435	3660	0.0611251019777555	0.401488017350765
Abhydrolase_6	1	1	17435	3660	0.209922569544021	0.401488017350765
AcetylCoA_hyd_C	1	1	17435	3660	0.209922569544021	0.401488017350765
AcetylCoA_hydro	1	1	17435	3660	0.209922569544021	0.401488017350765
Acetyltransf_1	17	6	17435	3660	0.126971214989216	0.401488017350765
ADAM_CR	4	2	17435	3660	0.19620796394754	0.401488017350765
ADAM17_MPD	1	1	17435	3660	0.209922569544021	0.401488017350765
AdenylateSensor	1	1	17435	3660	0.209922569544021	0.401488017350765
ADH_zinc_N_2	4	2	17435	3660	0.19620796394754	0.401488017350765
Adipokin_hormo	1	1	17435	3660	0.209922569544021	0.401488017350765
ADP_ribosyl_GH	1	1	17435	3660	0.209922569544021	0.401488017350765
AFG1_ATPase	1	1	17435	3660	0.209922569544021	0.401488017350765
AIRC	1	1	17435	3660	0.209922569544021	0.401488017350765
Allantoicase	1	1	17435	3660	0.209922569544021	0.401488017350765
Allatostatin	1	1	17435	3660	0.209922569544021	0.401488017350765
Alpha_L_fucos	1	1	17435	3660	0.209922569544021	0.401488017350765
Ank_2	93	26	17435	3660	0.0669476450441818	0.401488017350765
Antistasin	1	1	17435	3660	0.209922569544021	0.401488017350765
AP_endonuc_2	1	1	17435	3660	0.209922569544021	0.401488017350765
APG6	1	1	17435	3660	0.209922569544021	0.401488017350765
ApoO	1	1	17435	3660	0.209922569544021	0.401488017350765
APP_amyloid	1	1	17435	3660	0.209922569544021	0.401488017350765
APP_Cu_bd	1	1	17435	3660	0.209922569544021	0.401488017350765
APP_E2	1	1	17435	3660	0.209922569544021	0.401488017350765
APP_N	1	1	17435	3660	0.209922569544021	0.401488017350765
Asp	1	1	17435	3660	0.209922569544021	0.401488017350765
Asp_Arg_Hydrox	1	1	17435	3660	0.209922569544021	0.401488017350765
Atg8	1	1	17435	3660	0.209922569544021	0.401488017350765
ATP-gua_Ptrans	3	2	17435	3660	0.113684377307902	0.401488017350765
ATP-gua_PtransN	4	2	17435	3660	0.19620796394754	0.401488017350765
ATP-synt	1	1	17435	3660	0.209922569544021	0.401488017350765
ATP-synt_8	1	1	17435	3660	0.209922569544021	0.401488017350765
ATP-synt_ab	5	3	17435	3660	0.0657969308699503	0.401488017350765
ATP-synt_ab_C	1	1	17435	3660	0.209922569544021	0.401488017350765
ATP-synt_ab_N	6	3	17435	3660	0.111412111497013	0.401488017350765
ATP-synt_E	1	1	17435	3660	0.209922569544021	0.401488017350765
ATP-synt_Eps	1	1	17435	3660	0.209922569544021	0.401488017350765
ATP-synt_F6	1	1	17435	3660	0.209922569544021	0.401488017350765
ATP-synt_G	1	1	17435	3660	0.209922569544021	0.401488017350765
ATP11	1	1	17435	3660	0.209922569544021	0.401488017350765
AZUL	1	1	17435	3660	0.209922569544021	0.401488017350765
BBS1	1	1	17435	3660	0.209922569544021	0.401488017350765
Biotin_lipoyl	6	3	17435	3660	0.111412111497013	0.401488017350765
BNIP3	1	1	17435	3660	0.209922569544021	0.401488017350765
BORCS6	1	1	17435	3660	0.209922569544021	0.401488017350765
BRAP2	1	1	17435	3660	0.209922569544021	0.401488017350765
Bravo_FIGEY	1	1	17435	3660	0.209922569544021	0.401488017350765
BSD	4	2	17435	3660	0.19620796394754	0.401488017350765
C_tripleX	3	2	17435	3660	0.113684377307902	0.401488017350765
C2	42	12	17435	3660	0.154167407557594	0.401488017350765
CAC1F_C	1	1	17435	3660	0.209922569544021	0.401488017350765
Cadherin_3	1	1	17435	3660	0.209922569544021	0.401488017350765
Calpain_III	8	4	17435	3660	0.0657955033335608	0.401488017350765
Calx-beta	1	1	17435	3660	0.209922569544021	0.401488017350765
CaM_bdg_C0	1	1	17435	3660	0.209922569544021	0.401488017350765
CaMBD	1	1	17435	3660	0.209922569544021	0.401488017350765
Carn_acyltransf	5	3	17435	3660	0.0657969308699503	0.401488017350765
Cast	1	1	17435	3660	0.209922569544021	0.401488017350765
Catalase	1	1	17435	3660	0.209922569544021	0.401488017350765
Catalase-rel	1	1	17435	3660	0.209922569544021	0.401488017350765
Cation_ATPase_C	4	2	17435	3660	0.19620796394754	0.401488017350765
Cation_ATPase_N	4	2	17435	3660	0.19620796394754	0.401488017350765
CBF_beta	1	1	17435	3660	0.209922569544021	0.401488017350765
CBM_21	3	2	17435	3660	0.113684377307902	0.401488017350765
CBM_48	1	1	17435	3660	0.209922569544021	0.401488017350765
CCAP	1	1	17435	3660	0.209922569544021	0.401488017350765
CCCAP	1	1	17435	3660	0.209922569544021	0.401488017350765
CCDC142	1	1	17435	3660	0.209922569544021	0.401488017350765
CCDC85	1	1	17435	3660	0.209922569544021	0.401488017350765
CDC50	1	1	17435	3660	0.209922569544021	0.401488017350765
CHRD	1	1	17435	3660	0.209922569544021	0.401488017350765
CI-B14_5a	1	1	17435	3660	0.209922569544021	0.401488017350765
CIA30	1	1	17435	3660	0.209922569544021	0.401488017350765
CIMR	1	1	17435	3660	0.209922569544021	0.401488017350765
Clp1	1	1	17435	3660	0.209922569544021	0.401488017350765
CLP1_N	1	1	17435	3660	0.209922569544021	0.401488017350765
CoA_trans	1	1	17435	3660	0.209922569544021	0.401488017350765
Cobalamin_bind	1	1	17435	3660	0.209922569544021	0.401488017350765
COE1_DBD	1	1	17435	3660	0.209922569544021	0.401488017350765
COE1_HLH	1	1	17435	3660	0.209922569544021	0.401488017350765
COesterase	63	17	17435	3660	0.154935955497704	0.401488017350765
COMP	1	1	17435	3660	0.209922569544021	0.401488017350765
Complex1_30kDa	1	1	17435	3660	0.209922569544021	0.401488017350765
Complex1_49kDa	1	1	17435	3660	0.209922569544021	0.401488017350765
Complex1_51K	1	1	17435	3660	0.209922569544021	0.401488017350765
Corazonin	1	1	17435	3660	0.209922569544021	0.401488017350765
Costars	1	1	17435	3660	0.209922569544021	0.401488017350765
COX1	1	1	17435	3660	0.209922569544021	0.401488017350765
COX16	1	1	17435	3660	0.209922569544021	0.401488017350765
COX17	1	1	17435	3660	0.209922569544021	0.401488017350765
COX2	1	1	17435	3660	0.209922569544021	0.401488017350765
COX2_TM	1	1	17435	3660	0.209922569544021	0.401488017350765
COX3	1	1	17435	3660	0.209922569544021	0.401488017350765
COX4	1	1	17435	3660	0.209922569544021	0.401488017350765
COX5B	1	1	17435	3660	0.209922569544021	0.401488017350765
COX6A	1	1	17435	3660	0.209922569544021	0.401488017350765
COX6C	1	1	17435	3660	0.209922569544021	0.401488017350765
COX7C	1	1	17435	3660	0.209922569544021	0.401488017350765
CPCFC	1	1	17435	3660	0.209922569544021	0.401488017350765
CPT_N	1	1	17435	3660	0.209922569544021	0.401488017350765
CRF-BP	1	1	17435	3660	0.209922569544021	0.401488017350765
Crystallin	1	1	17435	3660	0.209922569544021	0.401488017350765
CTP_transf_3	1	1	17435	3660	0.209922569544021	0.401488017350765
Cut8	1	1	17435	3660	0.209922569544021	0.401488017350765
Cuticle_3	3	2	17435	3660	0.113684377307902	0.401488017350765
CXCXC	1	1	17435	3660	0.209922569544021	0.401488017350765
Cys_knot	1	1	17435	3660	0.209922569544021	0.401488017350765
Cystatin	1	1	17435	3660	0.209922569544021	0.401488017350765
Cyto_heme_lyase	1	1	17435	3660	0.209922569544021	0.401488017350765
Cytochrom_B_C	1	1	17435	3660	0.209922569544021	0.401488017350765
Cytochrom_C1	1	1	17435	3660	0.209922569544021	0.401488017350765
Cytochrome_B	1	1	17435	3660	0.209922569544021	0.401488017350765
DAN	5	3	17435	3660	0.0657969308699503	0.401488017350765
DAO_C	1	1	17435	3660	0.209922569544021	0.401488017350765
DB	1	1	17435	3660	0.209922569544021	0.401488017350765
DBB	1	1	17435	3660	0.209922569544021	0.401488017350765
DDDD	1	1	17435	3660	0.209922569544021	0.401488017350765
DHC_N2	12	5	17435	3660	0.0864070348636763	0.401488017350765
DHDPS	1	1	17435	3660	0.209922569544021	0.401488017350765
Disintegrin	6	3	17435	3660	0.111412111497013	0.401488017350765
DJ-1_PfpI	1	1	17435	3660	0.209922569544021	0.401488017350765
DM13	3	2	17435	3660	0.113684377307902	0.401488017350765
DoxX_2	1	1	17435	3660	0.209922569544021	0.401488017350765
DUF1041	1	1	17435	3660	0.209922569544021	0.401488017350765
DUF1075	1	1	17435	3660	0.209922569544021	0.401488017350765
DUF1136	1	1	17435	3660	0.209922569544021	0.401488017350765
DUF1213	1	1	17435	3660	0.209922569544021	0.401488017350765
DUF1690	1	1	17435	3660	0.209922569544021	0.401488017350765
DUF1731	1	1	17435	3660	0.209922569544021	0.401488017350765
DUF1736	4	2	17435	3660	0.19620796394754	0.401488017350765
DUF1794	1	1	17435	3660	0.209922569544021	0.401488017350765
DUF1907	1	1	17435	3660	0.209922569544021	0.401488017350765
DUF1989	1	1	17435	3660	0.209922569544021	0.401488017350765
DUF2048	1	1	17435	3660	0.209922569544021	0.401488017350765
DUF2181	1	1	17435	3660	0.209922569544021	0.401488017350765
DUF2205	1	1	17435	3660	0.209922569544021	0.401488017350765
DUF229	3	2	17435	3660	0.113684377307902	0.401488017350765
DUF2353	1	1	17435	3660	0.209922569544021	0.401488017350765
DUF2369	1	1	17435	3660	0.209922569544021	0.401488017350765
DUF243	9	4	17435	3660	0.0992644640071255	0.401488017350765
DUF2475	1	1	17435	3660	0.209922569544021	0.401488017350765
DUF2615	1	1	17435	3660	0.209922569544021	0.401488017350765
DUF3350	1	1	17435	3660	0.209922569544021	0.401488017350765
DUF3399	1	1	17435	3660	0.209922569544021	0.401488017350765
DUF3454	1	1	17435	3660	0.209922569544021	0.401488017350765
DUF3695	1	1	17435	3660	0.209922569544021	0.401488017350765
DUF3740	1	1	17435	3660	0.209922569544021	0.401488017350765
DUF4062	1	1	17435	3660	0.209922569544021	0.401488017350765
DUF4495	1	1	17435	3660	0.209922569544021	0.401488017350765
DUF4500	1	1	17435	3660	0.209922569544021	0.401488017350765
DUF4516	1	1	17435	3660	0.209922569544021	0.401488017350765
DUF4528	1	1	17435	3660	0.209922569544021	0.401488017350765
DUF4535	1	1	17435	3660	0.209922569544021	0.401488017350765
DUF4728	4	2	17435	3660	0.19620796394754	0.401488017350765
DUF4739	1	1	17435	3660	0.209922569544021	0.401488017350765
DUF4745	1	1	17435	3660	0.209922569544021	0.401488017350765
DUF4758	1	1	17435	3660	0.209922569544021	0.401488017350765
DUF4786	3	2	17435	3660	0.113684377307902	0.401488017350765
DUF4787	1	1	17435	3660	0.209922569544021	0.401488017350765
DUF4789	3	2	17435	3660	0.113684377307902	0.401488017350765
DUF4790	1	1	17435	3660	0.209922569544021	0.401488017350765
DUF4797	1	1	17435	3660	0.209922569544021	0.401488017350765
DUF4803	1	1	17435	3660	0.209922569544021	0.401488017350765
DUF4812	1	1	17435	3660	0.209922569544021	0.401488017350765
DUF5009	1	1	17435	3660	0.209922569544021	0.401488017350765
DUF543	1	1	17435	3660	0.209922569544021	0.401488017350765
DUF725	1	1	17435	3660	0.209922569544021	0.401488017350765
Dynein_heavy	12	5	17435	3660	0.0864070348636763	0.401488017350765
Ecm29	1	1	17435	3660	0.209922569544021	0.401488017350765
EGF_3	4	2	17435	3660	0.19620796394754	0.401488017350765
eIF_4EBP	1	1	17435	3660	0.209922569544021	0.401488017350765
Endostatin	1	1	17435	3660	0.209922569544021	0.401488017350765
Enolase_C	1	1	17435	3660	0.209922569544021	0.401488017350765
Enolase_N	1	1	17435	3660	0.209922569544021	0.401488017350765
Ephrin	1	1	17435	3660	0.209922569544021	0.401488017350765
ERG4_ERG24	1	1	17435	3660	0.209922569544021	0.401488017350765
ESSS	1	1	17435	3660	0.209922569544021	0.401488017350765
ETC_C1_NDUFA4	1	1	17435	3660	0.209922569544021	0.401488017350765
ETC_C1_NDUFA5	1	1	17435	3660	0.209922569544021	0.401488017350765
F_actin_cap_B	1	1	17435	3660	0.209922569544021	0.401488017350765
F420_oxidored	3	2	17435	3660	0.113684377307902	0.401488017350765
FA_hydroxylase	11	4	17435	3660	0.183716923990713	0.401488017350765
FAA_hydrolase	3	2	17435	3660	0.113684377307902	0.401488017350765
FAA_hydrolase_N	1	1	17435	3660	0.209922569544021	0.401488017350765
FAD_binding_4	5	3	17435	3660	0.0657969308699503	0.401488017350765
FAIM1	1	1	17435	3660	0.209922569544021	0.401488017350765
FAM110_C	1	1	17435	3660	0.209922569544021	0.401488017350765
FAM177	1	1	17435	3660	0.209922569544021	0.401488017350765
FAM183	1	1	17435	3660	0.209922569544021	0.401488017350765
Fam20C	3	2	17435	3660	0.113684377307902	0.401488017350765
FAM86	1	1	17435	3660	0.209922569544021	0.401488017350765
FARP	1	1	17435	3660	0.209922569544021	0.401488017350765
Fasciclin	4	2	17435	3660	0.19620796394754	0.401488017350765
Fer2_3	1	1	17435	3660	0.209922569544021	0.401488017350765
Fer2_4	1	1	17435	3660	0.209922569544021	0.401488017350765
Fer4_17	1	1	17435	3660	0.209922569544021	0.401488017350765
Fer4_7	1	1	17435	3660	0.209922569544021	0.401488017350765
FerB	1	1	17435	3660	0.209922569544021	0.401488017350765
FEZ	1	1	17435	3660	0.209922569544021	0.401488017350765
Fez1	1	1	17435	3660	0.209922569544021	0.401488017350765
Filamin	5	3	17435	3660	0.0657969308699503	0.401488017350765
FOG_N	1	1	17435	3660	0.209922569544021	0.401488017350765
Forkhead	19	7	17435	3660	0.084036692246497	0.401488017350765
Fringe	4	2	17435	3660	0.19620796394754	0.401488017350765
FTHFS	1	1	17435	3660	0.209922569544021	0.401488017350765
Fucosidase_C	1	1	17435	3660	0.209922569544021	0.401488017350765
FumaraseC_C	1	1	17435	3660	0.209922569544021	0.401488017350765
Furin-like	3	2	17435	3660	0.113684377307902	0.401488017350765
Fuseless	1	1	17435	3660	0.209922569544021	0.401488017350765
FXa_inhibition	10	4	17435	3660	0.138935150493553	0.401488017350765
G2F	1	1	17435	3660	0.209922569544021	0.401488017350765
GAF	4	2	17435	3660	0.19620796394754	0.401488017350765
GalP_UDP_tr_C	1	1	17435	3660	0.209922569544021	0.401488017350765
GalP_UDP_transf	1	1	17435	3660	0.209922569544021	0.401488017350765
GDE_C	1	1	17435	3660	0.209922569544021	0.401488017350765
GFO_IDH_MocA	3	2	17435	3660	0.113684377307902	0.401488017350765
GFO_IDH_MocA_C	1	1	17435	3660	0.209922569544021	0.401488017350765
Gln-synt_N	1	1	17435	3660	0.209922569544021	0.401488017350765
GLTSCR1	1	1	17435	3660	0.209922569544021	0.401488017350765
Glutaminase	1	1	17435	3660	0.209922569544021	0.401488017350765
Gly_rich	1	1	17435	3660	0.209922569544021	0.401488017350765
Glyco_hydro_18	21	8	17435	3660	0.0553947573778388	0.401488017350765
Glyco_hydro_19	1	1	17435	3660	0.209922569544021	0.401488017350765
Glyco_hydro_31	9	4	17435	3660	0.0992644640071255	0.401488017350765
Glyco_hydro_35	3	2	17435	3660	0.113684377307902	0.401488017350765
Glyco_hydro_56	1	1	17435	3660	0.209922569544021	0.401488017350765
Glyco_hydro_85	1	1	17435	3660	0.209922569544021	0.401488017350765
Glyco_hydro_99	1	1	17435	3660	0.209922569544021	0.401488017350765
Glyco_tran_10_N	3	2	17435	3660	0.113684377307902	0.401488017350765
Glyco_transf_10	3	2	17435	3660	0.113684377307902	0.401488017350765
Glycolytic	1	1	17435	3660	0.209922569544021	0.401488017350765
Glyoxalase_4	1	1	17435	3660	0.209922569544021	0.401488017350765
GON	1	1	17435	3660	0.209922569544021	0.401488017350765
Gp_dh_C	1	1	17435	3660	0.209922569544021	0.401488017350765
Gp_dh_N	1	1	17435	3660	0.209922569544021	0.401488017350765
GSHPx	3	2	17435	3660	0.113684377307902	0.401488017350765
GTP-bdg_M	1	1	17435	3660	0.209922569544021	0.401488017350765
GTP-bdg_N	1	1	17435	3660	0.209922569544021	0.401488017350765
HABP4_PAI-RBP1	1	1	17435	3660	0.209922569544021	0.401488017350765
HAD_2	3	2	17435	3660	0.113684377307902	0.401488017350765
HD_3	1	1	17435	3660	0.209922569544021	0.401488017350765
hDGE_amylase	1	1	17435	3660	0.209922569544021	0.401488017350765
hEGF	8	4	17435	3660	0.0657955033335608	0.401488017350765
Heme_oxygenase	1	1	17435	3660	0.209922569544021	0.401488017350765
hGDE_central	1	1	17435	3660	0.209922569544021	0.401488017350765
hGDE_N	1	1	17435	3660	0.209922569544021	0.401488017350765
HgmA	1	1	17435	3660	0.209922569544021	0.401488017350765
HMG_CoA_synt_C	1	1	17435	3660	0.209922569544021	0.401488017350765
HMG_CoA_synt_N	1	1	17435	3660	0.209922569544021	0.401488017350765
HOIP-UBA	1	1	17435	3660	0.209922569544021	0.401488017350765
Homeobox_KN	6	3	17435	3660	0.111412111497013	0.401488017350765
ICA69	1	1	17435	3660	0.209922569544021	0.401488017350765
IER	1	1	17435	3660	0.209922569544021	0.401488017350765
IFRD_C	1	1	17435	3660	0.209922569544021	0.401488017350765
InaF-motif	1	1	17435	3660	0.209922569544021	0.401488017350765
Inositol_P	6	3	17435	3660	0.111412111497013	0.401488017350765
Integrin_b_cyt	1	1	17435	3660	0.209922569544021	0.401488017350765
Integrin_B_tail	1	1	17435	3660	0.209922569544021	0.401488017350765
Ion_trans_N	1	1	17435	3660	0.209922569544021	0.401488017350765
IPP-2	1	1	17435	3660	0.209922569544021	0.401488017350765
Iso_dh	6	3	17435	3660	0.111412111497013	0.401488017350765
Isochorismatase	3	2	17435	3660	0.113684377307902	0.401488017350765
IU_nuc_hydro	3	2	17435	3660	0.113684377307902	0.401488017350765
Jagunal	1	1	17435	3660	0.209922569544021	0.401488017350765
JIP_LZII	1	1	17435	3660	0.209922569544021	0.401488017350765
Jun	1	1	17435	3660	0.209922569544021	0.401488017350765
KAsynt_C_assoc	6	3	17435	3660	0.111412111497013	0.401488017350765
ketoacyl-synt	7	3	17435	3660	0.165478231262569	0.401488017350765
Ketoacyl-synt_C	7	3	17435	3660	0.165478231262569	0.401488017350765
Kunitz_BPTI	5	3	17435	3660	0.0657969308699503	0.401488017350765
L_HMGIC_fpl	1	1	17435	3660	0.209922569544021	0.401488017350765
L27_1	1	1	17435	3660	0.209922569544021	0.401488017350765
Laminin_G_3	3	2	17435	3660	0.113684377307902	0.401488017350765
Laminin_II	1	1	17435	3660	0.209922569544021	0.401488017350765
Ldh_2	1	1	17435	3660	0.209922569544021	0.401488017350765
Lectin_C	42	13	17435	3660	0.0852418446272409	0.401488017350765
Lig_chan-Glu_bd	18	7	17435	3660	0.0643211996901261	0.401488017350765
LIX1	1	1	17435	3660	0.209922569544021	0.401488017350765
LMWPc	3	2	17435	3660	0.113684377307902	0.401488017350765
LPMO_10	3	2	17435	3660	0.113684377307902	0.401488017350765
LRR_6	26	8	17435	3660	0.161471236019776	0.401488017350765
LRRFIP	1	1	17435	3660	0.209922569544021	0.401488017350765
LURAP	1	1	17435	3660	0.209922569544021	0.401488017350765
Lustrin_cystein	1	1	17435	3660	0.209922569544021	0.401488017350765
Lysyl_oxidase	1	1	17435	3660	0.209922569544021	0.401488017350765
Mab-21	3	2	17435	3660	0.113684377307902	0.401488017350765
MANEC	1	1	17435	3660	0.209922569544021	0.401488017350765
MAPEG	4	2	17435	3660	0.19620796394754	0.401488017350765
MARVEL	4	2	17435	3660	0.19620796394754	0.401488017350765
MATH	7	3	17435	3660	0.165478231262569	0.401488017350765
MDM1	1	1	17435	3660	0.209922569544021	0.401488017350765
Meckelin	1	1	17435	3660	0.209922569544021	0.401488017350765
Membr_traf_MHD	1	1	17435	3660	0.209922569544021	0.401488017350765
Metallopep	1	1	17435	3660	0.209922569544021	0.401488017350765
Metallophos_C	1	1	17435	3660	0.209922569544021	0.401488017350765
Methyltransf_15	1	1	17435	3660	0.209922569544021	0.401488017350765
Methyltransf_16	4	2	17435	3660	0.19620796394754	0.401488017350765
Methyltransf_5	1	1	17435	3660	0.209922569544021	0.401488017350765
Methyltransf_FA	6	3	17435	3660	0.111412111497013	0.401488017350765
MGAT2	1	1	17435	3660	0.209922569544021	0.401488017350765
Mid1	1	1	17435	3660	0.209922569544021	0.401488017350765
MIR	5	3	17435	3660	0.0657969308699503	0.401488017350765
MIT_C	1	1	17435	3660	0.209922569544021	0.401488017350765
MITF_TFEB_C_3_N	1	1	17435	3660	0.209922569544021	0.401488017350765
Mitofilin	1	1	17435	3660	0.209922569544021	0.401488017350765
Molybdopterin	1	1	17435	3660	0.209922569544021	0.401488017350765
MRJP	14	5	17435	3660	0.151996118853367	0.401488017350765
MRP_L53	1	1	17435	3660	0.209922569544021	0.401488017350765
MRP-63	1	1	17435	3660	0.209922569544021	0.401488017350765
MRP-S35	1	1	17435	3660	0.209922569544021	0.401488017350765
MT	12	5	17435	3660	0.0864070348636763	0.401488017350765
Mt_ATP-synt_D	1	1	17435	3660	0.209922569544021	0.401488017350765
MTHFR	1	1	17435	3660	0.209922569544021	0.401488017350765
Mtp	1	1	17435	3660	0.209922569544021	0.401488017350765
MTP18	1	1	17435	3660	0.209922569544021	0.401488017350765
MWFE	1	1	17435	3660	0.209922569544021	0.401488017350765
Myosin_N	4	2	17435	3660	0.19620796394754	0.401488017350765
Myosin_tail_1	7	3	17435	3660	0.165478231262569	0.401488017350765
Na_Ca_ex_C	1	1	17435	3660	0.209922569544021	0.401488017350765
Na_K-ATPase	4	2	17435	3660	0.19620796394754	0.401488017350765
Na_sulph_symp	4	2	17435	3660	0.19620796394754	0.401488017350765
Na_trans_cytopl	1	1	17435	3660	0.209922569544021	0.401488017350765
NAD_Gly3P_dh_C	1	1	17435	3660	0.209922569544021	0.401488017350765
NAD_Gly3P_dh_N	1	1	17435	3660	0.209922569544021	0.401488017350765
NADH_4Fe-4S	1	1	17435	3660	0.209922569544021	0.401488017350765
NADH_B2	1	1	17435	3660	0.209922569544021	0.401488017350765
NADH_dehy_S2_C	1	1	17435	3660	0.209922569544021	0.401488017350765
NADH_dhqG_C	1	1	17435	3660	0.209922569544021	0.401488017350765
NADH_oxidored	1	1	17435	3660	0.209922569544021	0.401488017350765
NADH-G_4Fe-4S_3	1	1	17435	3660	0.209922569544021	0.401488017350765
NADH5_C	1	1	17435	3660	0.209922569544021	0.401488017350765
NADHdh	1	1	17435	3660	0.209922569544021	0.401488017350765
NAGLU	1	1	17435	3660	0.209922569544021	0.401488017350765
NAGLU_C	1	1	17435	3660	0.209922569544021	0.401488017350765
NAGLU_N	1	1	17435	3660	0.209922569544021	0.401488017350765
NB-ARC	1	1	17435	3660	0.209922569544021	0.401488017350765
NCD1	1	1	17435	3660	0.209922569544021	0.401488017350765
NCD2	1	1	17435	3660	0.209922569544021	0.401488017350765
NDUF_B12	1	1	17435	3660	0.209922569544021	0.401488017350765
NDUF_B4	1	1	17435	3660	0.209922569544021	0.401488017350765
NDUF_B5	1	1	17435	3660	0.209922569544021	0.401488017350765
NDUF_B6	1	1	17435	3660	0.209922569544021	0.401488017350765
NDUF_B7	1	1	17435	3660	0.209922569544021	0.401488017350765
NDUF_B8	1	1	17435	3660	0.209922569544021	0.401488017350765
NDUF_C2	1	1	17435	3660	0.209922569544021	0.401488017350765
NDUFB10	1	1	17435	3660	0.209922569544021	0.401488017350765
Ndufs5	1	1	17435	3660	0.209922569544021	0.401488017350765
Neurochondrin	1	1	17435	3660	0.209922569544021	0.401488017350765
NfI_DNAbd_pre-N	1	1	17435	3660	0.209922569544021	0.401488017350765
Nfu_N	1	1	17435	3660	0.209922569544021	0.401488017350765
Nicastrin	1	1	17435	3660	0.209922569544021	0.401488017350765
NifU	1	1	17435	3660	0.209922569544021	0.401488017350765
Ninjurin	9	4	17435	3660	0.0992644640071255	0.401488017350765
NOD	1	1	17435	3660	0.209922569544021	0.401488017350765
NODP	1	1	17435	3660	0.209922569544021	0.401488017350765
NPDC1	1	1	17435	3660	0.209922569544021	0.401488017350765
NTPase_I-T	1	1	17435	3660	0.209922569544021	0.401488017350765
Nucleoside_tran	3	2	17435	3660	0.113684377307902	0.401488017350765
OAR	6	3	17435	3660	0.111412111497013	0.401488017350765
Ocnus	1	1	17435	3660	0.209922569544021	0.401488017350765
OLF	1	1	17435	3660	0.209922569544021	0.401488017350765
OSCP	1	1	17435	3660	0.209922569544021	0.401488017350765
Oxidored_q2	1	1	17435	3660	0.209922569544021	0.401488017350765
Oxidored_q3	1	1	17435	3660	0.209922569544021	0.401488017350765
Oxidored_q4	1	1	17435	3660	0.209922569544021	0.401488017350765
Oxidored_q5_N	1	1	17435	3660	0.209922569544021	0.401488017350765
p25-alpha	1	1	17435	3660	0.209922569544021	0.401488017350765
P5CR_dimer	3	2	17435	3660	0.113684377307902	0.401488017350765
PAC2	1	1	17435	3660	0.209922569544021	0.401488017350765
PAC3	1	1	17435	3660	0.209922569544021	0.401488017350765
PAE	1	1	17435	3660	0.209922569544021	0.401488017350765
ParBc	1	1	17435	3660	0.209922569544021	0.401488017350765
PBAN	1	1	17435	3660	0.209922569544021	0.401488017350765
PDEase_I	9	4	17435	3660	0.0992644640071255	0.401488017350765
PDEase_I_N	1	1	17435	3660	0.209922569544021	0.401488017350765
Pentaxin	1	1	17435	3660	0.209922569544021	0.401488017350765
Peptidase_C15	1	1	17435	3660	0.209922569544021	0.401488017350765
Peptidase_C2	9	4	17435	3660	0.0992644640071255	0.401488017350765
Peptidase_M13_N	11	4	17435	3660	0.183716923990713	0.401488017350765
Peptidase_M8	1	1	17435	3660	0.209922569544021	0.401488017350765
Pex19	1	1	17435	3660	0.209922569544021	0.401488017350765
PFK	1	1	17435	3660	0.209922569544021	0.401488017350765
PGI	1	1	17435	3660	0.209922569544021	0.401488017350765
PGK	1	1	17435	3660	0.209922569544021	0.401488017350765
PH	47	13	17435	3660	0.171166943296045	0.401488017350765
Phospholip_B	1	1	17435	3660	0.209922569544021	0.401488017350765
Phosphorylase	1	1	17435	3660	0.209922569544021	0.401488017350765
PhyH	1	1	17435	3660	0.209922569544021	0.401488017350765
Pigment_DH	1	1	17435	3660	0.209922569544021	0.401488017350765
PIP49_N	1	1	17435	3660	0.209922569544021	0.401488017350765
PK_C	1	1	17435	3660	0.209922569544021	0.401488017350765
PMP22_Claudin	1	1	17435	3660	0.209922569544021	0.401488017350765
Polysacc_deac_1	3	2	17435	3660	0.113684377307902	0.401488017350765
PP1_inhibitor	1	1	17435	3660	0.209922569544021	0.401488017350765
Pro_dh	1	1	17435	3660	0.209922569544021	0.401488017350765
PS-DH	5	3	17435	3660	0.0657969308699503	0.401488017350765
PTE	1	1	17435	3660	0.209922569544021	0.401488017350765
PTN_MK_C	1	1	17435	3660	0.209922569544021	0.401488017350765
PTS_2-RNA	1	1	17435	3660	0.209922569544021	0.401488017350765
Pur_ac_phosph_N	1	1	17435	3660	0.209922569544021	0.401488017350765
Put_Phosphatase	1	1	17435	3660	0.209922569544021	0.401488017350765
PYC_OADA	1	1	17435	3660	0.209922569544021	0.401488017350765
Pyridoxal_deC	11	5	17435	3660	0.0605670468735218	0.401488017350765
QIL1	1	1	17435	3660	0.209922569544021	0.401488017350765
Radial_spoke_3	1	1	17435	3660	0.209922569544021	0.401488017350765
RasGEF	11	4	17435	3660	0.183716923990713	0.401488017350765
RCC1_2	1	1	17435	3660	0.209922569544021	0.401488017350765
Recep_L_domain	3	2	17435	3660	0.113684377307902	0.401488017350765
Receptor_IA-2	1	1	17435	3660	0.209922569544021	0.401488017350765
Redoxin	1	1	17435	3660	0.209922569544021	0.401488017350765
Reprolysin	8	4	17435	3660	0.0657955033335608	0.401488017350765
Reprolysin_3	1	1	17435	3660	0.209922569544021	0.401488017350765
Reprolysin_5	1	1	17435	3660	0.209922569544021	0.401488017350765
Reticulon	1	1	17435	3660	0.209922569544021	0.401488017350765
Rhomboid	6	3	17435	3660	0.111412111497013	0.401488017350765
RHS_repeat	1	1	17435	3660	0.209922569544021	0.401488017350765
Ribonuclease_T2	1	1	17435	3660	0.209922569544021	0.401488017350765
Ribosomal_L20	1	1	17435	3660	0.209922569544021	0.401488017350765
RIC3	1	1	17435	3660	0.209922569544021	0.401488017350765
Romo1	1	1	17435	3660	0.209922569544021	0.401488017350765
RPN13_C	1	1	17435	3660	0.209922569544021	0.401488017350765
Rpn3_C	1	1	17435	3660	0.209922569544021	0.401488017350765
RR_TM4-6	1	1	17435	3660	0.209922569544021	0.401488017350765
RTP801_C	1	1	17435	3660	0.209922569544021	0.401488017350765
Runt	5	3	17435	3660	0.0657969308699503	0.401488017350765
RyR	1	1	17435	3660	0.209922569544021	0.401488017350765
S36_mt	1	1	17435	3660	0.209922569544021	0.401488017350765
SAICAR_synt	1	1	17435	3660	0.209922569544021	0.401488017350765
SAM_PNT	6	3	17435	3660	0.111412111497013	0.401488017350765
Sarcoglycan_2	1	1	17435	3660	0.209922569544021	0.401488017350765
SBP56	1	1	17435	3660	0.209922569544021	0.401488017350765
Sdh_cyt	1	1	17435	3660	0.209922569544021	0.401488017350765
SEA	3	2	17435	3660	0.113684377307902	0.401488017350765
Secretogranin_V	1	1	17435	3660	0.209922569544021	0.401488017350765
Sedlin_N	1	1	17435	3660	0.209922569544021	0.401488017350765
Sema	7	3	17435	3660	0.165478231262569	0.401488017350765
SEP	1	1	17435	3660	0.209922569544021	0.401488017350765
Serinc	1	1	17435	3660	0.209922569544021	0.401488017350765
Serpin	25	9	17435	3660	0.0611251019777555	0.401488017350765
SET	31	9	17435	3660	0.186641478946327	0.401488017350765
SGS	1	1	17435	3660	0.209922569544021	0.401488017350765
SH3_2	13	5	17435	3660	0.117035941020634	0.401488017350765
SH3BGR	1	1	17435	3660	0.209922569544021	0.401488017350765
Shal-type	1	1	17435	3660	0.209922569544021	0.401488017350765
SIS	1	1	17435	3660	0.209922569544021	0.401488017350765
SK_channel	1	1	17435	3660	0.209922569544021	0.401488017350765
Skp1	1	1	17435	3660	0.209922569544021	0.401488017350765
SLBB	1	1	17435	3660	0.209922569544021	0.401488017350765
SLC12	5	3	17435	3660	0.0657969308699503	0.401488017350765
Smoothelin	1	1	17435	3660	0.209922569544021	0.401488017350765
SOGA	1	1	17435	3660	0.209922569544021	0.401488017350765
Sorb	1	1	17435	3660	0.209922569544021	0.401488017350765
SpoIIE	1	1	17435	3660	0.209922569544021	0.401488017350765
Spond_N	3	2	17435	3660	0.113684377307902	0.401488017350765
SRR1	1	1	17435	3660	0.209922569544021	0.401488017350765
START	4	2	17435	3660	0.19620796394754	0.401488017350765
Stork_head	1	1	17435	3660	0.209922569544021	0.401488017350765
Succ_DH_flav_C	1	1	17435	3660	0.209922569544021	0.401488017350765
Sulfatase	9	4	17435	3660	0.0992644640071255	0.401488017350765
SVWC	4	2	17435	3660	0.19620796394754	0.401488017350765
Synaphin	1	1	17435	3660	0.209922569544021	0.401488017350765
Synapsin	1	1	17435	3660	0.209922569544021	0.401488017350765
Synapsin_C	1	1	17435	3660	0.209922569544021	0.401488017350765
Syndecan	1	1	17435	3660	0.209922569544021	0.401488017350765
Talin_middle	1	1	17435	3660	0.209922569544021	0.401488017350765
Tcp11	1	1	17435	3660	0.209922569544021	0.401488017350765
Tektin	4	2	17435	3660	0.19620796394754	0.401488017350765
Tet_JBP	1	1	17435	3660	0.209922569544021	0.401488017350765
TF_AP-2	1	1	17435	3660	0.209922569544021	0.401488017350765
Thiolase_C	5	3	17435	3660	0.0657969308699503	0.401488017350765
Thiolase_N	5	3	17435	3660	0.0657969308699503	0.401488017350765
Thyroglobulin_1	6	3	17435	3660	0.111412111497013	0.401488017350765
TIM	1	1	17435	3660	0.209922569544021	0.401488017350765
TIMP	1	1	17435	3660	0.209922569544021	0.401488017350765
TIR	12	5	17435	3660	0.0864070348636763	0.401488017350765
TMEM132D_N	1	1	17435	3660	0.209922569544021	0.401488017350765
TMEM141	1	1	17435	3660	0.209922569544021	0.401488017350765
TMEM189_B_dmain	1	1	17435	3660	0.209922569544021	0.401488017350765
TMEM237	1	1	17435	3660	0.209922569544021	0.401488017350765
TMEM72	1	1	17435	3660	0.209922569544021	0.401488017350765
TNFR_c6	1	1	17435	3660	0.209922569544021	0.401488017350765
Tox-GHH	1	1	17435	3660	0.209922569544021	0.401488017350765
Tox-SGS	1	1	17435	3660	0.209922569544021	0.401488017350765
Toxin_9	1	1	17435	3660	0.209922569544021	0.401488017350765
Transferrin	4	2	17435	3660	0.19620796394754	0.401488017350765
Transmemb_17	1	1	17435	3660	0.209922569544021	0.401488017350765
Trehalase	1	1	17435	3660	0.209922569544021	0.401488017350765
TRIC	1	1	17435	3660	0.209922569544021	0.401488017350765
Tropomodulin	1	1	17435	3660	0.209922569544021	0.401488017350765
Tsg	1	1	17435	3660	0.209922569544021	0.401488017350765
Tubulin_C	14	6	17435	3660	0.0541076209217148	0.401488017350765
Tubulin-binding	1	1	17435	3660	0.209922569544021	0.401488017350765
UBA_5	1	1	17435	3660	0.209922569544021	0.401488017350765
Ubiq_cyt_C_chap	1	1	17435	3660	0.209922569544021	0.401488017350765
UCR_14kD	1	1	17435	3660	0.209922569544021	0.401488017350765
UCR_hinge	1	1	17435	3660	0.209922569544021	0.401488017350765
UCR_TM	1	1	17435	3660	0.209922569544021	0.401488017350765
UCR_UQCRX_QCR9	1	1	17435	3660	0.209922569544021	0.401488017350765
UcrQ	1	1	17435	3660	0.209922569544021	0.401488017350765
UFD1	1	1	17435	3660	0.209922569544021	0.401488017350765
ULD	1	1	17435	3660	0.209922569544021	0.401488017350765
UMPH-1	1	1	17435	3660	0.209922569544021	0.401488017350765
UNC-79	1	1	17435	3660	0.209922569544021	0.401488017350765
UNC-93	3	2	17435	3660	0.113684377307902	0.401488017350765
UPF0183	1	1	17435	3660	0.209922569544021	0.401488017350765
UPF0220	1	1	17435	3660	0.209922569544021	0.401488017350765
UPF0239	1	1	17435	3660	0.209922569544021	0.401488017350765
Urm1	1	1	17435	3660	0.209922569544021	0.401488017350765
VBS	1	1	17435	3660	0.209922569544021	0.401488017350765
Vg_Tdu	1	1	17435	3660	0.209922569544021	0.401488017350765
VGCC_alpha2	3	2	17435	3660	0.113684377307902	0.401488017350765
VGLL4	1	1	17435	3660	0.209922569544021	0.401488017350765
VPS28	1	1	17435	3660	0.209922569544021	0.401488017350765
Vps55	1	1	17435	3660	0.209922569544021	0.401488017350765
VWA	5	3	17435	3660	0.0657969308699503	0.401488017350765
VWA_N	3	2	17435	3660	0.113684377307902	0.401488017350765
WIF	3	2	17435	3660	0.113684377307902	0.401488017350765
Xan_ur_permease	1	1	17435	3660	0.209922569544021	0.401488017350765
Yippee-Mis18	4	2	17435	3660	0.19620796394754	0.401488017350765
zf-3CxxC_2	1	1	17435	3660	0.209922569544021	0.401488017350765
zf-C2HC	3	2	17435	3660	0.113684377307902	0.401488017350765
zf-C2HC_2	4	2	17435	3660	0.19620796394754	0.401488017350765
zf-CHCC	1	1	17435	3660	0.209922569544021	0.401488017350765
zf-TRAF	1	1	17435	3660	0.209922569544021	0.401488017350765
zinc_ribbon_16	1	1	17435	3660	0.209922569544021	0.401488017350765
BACK	24	7	17435	3660	0.224890446302426	0.426067432405975
bZIP_1	8	3	17435	3660	0.225287868019973	0.426067432405975
Death	8	3	17435	3660	0.225287868019973	0.426067432405975
Gelsolin	8	3	17435	3660	0.225287868019973	0.426067432405975
Ldl_recept_b	8	3	17435	3660	0.225287868019973	0.426067432405975
NHL	8	3	17435	3660	0.225287868019973	0.426067432405975
Peptidase_M13	8	3	17435	3660	0.225287868019973	0.426067432405975
RasGEF_N	8	3	17435	3660	0.225287868019973	0.426067432405975
ADH_zinc_N	20	6	17435	3660	0.229325052815645	0.432496205310173
IQ	20	6	17435	3660	0.229325052815645	0.432496205310173
FERM_N	12	4	17435	3660	0.232371868554231	0.437633685777136
Pkinase_Tyr	51	13	17435	3660	0.261770644342451	0.492317605725886
Guanylate_cyc	21	6	17435	3660	0.268049395258223	0.50342795009716
Acyl_transf_3	34	9	17435	3660	0.27388140083001	0.51330156820188
Amidohydro_1	5	2	17435	3660	0.283148652665934	0.51330156820188
BTB	65	16	17435	3660	0.279068799432331	0.51330156820188
CHCH	5	2	17435	3660	0.283148652665934	0.51330156820188
DUF1298	5	2	17435	3660	0.283148652665934	0.51330156820188
DUF2236	5	2	17435	3660	0.283148652665934	0.51330156820188
E1_dh	5	2	17435	3660	0.283148652665934	0.51330156820188
EB	5	2	17435	3660	0.283148652665934	0.51330156820188
Epimerase	5	2	17435	3660	0.283148652665934	0.51330156820188
FMO-like	5	2	17435	3660	0.283148652665934	0.51330156820188
IRS	5	2	17435	3660	0.283148652665934	0.51330156820188
Ligase_CoA	5	2	17435	3660	0.283148652665934	0.51330156820188
MORN	5	2	17435	3660	0.283148652665934	0.51330156820188
Orn_DAP_Arg_deC	5	2	17435	3660	0.283148652665934	0.51330156820188
PAN_1	5	2	17435	3660	0.283148652665934	0.51330156820188
PAS_9	5	2	17435	3660	0.283148652665934	0.51330156820188
Patched	5	2	17435	3660	0.283148652665934	0.51330156820188
Peptidase_M19	5	2	17435	3660	0.283148652665934	0.51330156820188
PI-PLC-X	5	2	17435	3660	0.283148652665934	0.51330156820188
RasGAP	5	2	17435	3660	0.283148652665934	0.51330156820188
SGL	5	2	17435	3660	0.283148652665934	0.51330156820188
Solute_trans_a	5	2	17435	3660	0.283148652665934	0.51330156820188
TGFb_propeptide	5	2	17435	3660	0.283148652665934	0.51330156820188
Transket_pyr	5	2	17435	3660	0.283148652665934	0.51330156820188
VWC	5	2	17435	3660	0.283148652665934	0.51330156820188
WH2	5	2	17435	3660	0.283148652665934	0.51330156820188
Kelch_1	13	4	17435	3660	0.283632280791386	0.513491819430065
Ank_4	30	8	17435	3660	0.284485009144707	0.51434889653363
Amidase_2	9	3	17435	3660	0.288299570026397	0.51710875258703
DHC_N1	9	3	17435	3660	0.288299570026397	0.51710875258703
HNOBA	9	3	17435	3660	0.288299570026397	0.51710875258703
Myb_DNA-bind_4	9	3	17435	3660	0.288299570026397	0.51710875258703
SCP2	9	3	17435	3660	0.288299570026397	0.51710875258703
Spectrin	9	3	17435	3660	0.288299570026397	0.51710875258703
14-3-3	2	1	17435	3660	0.375787167196246	0.531907514319529
4_1_CTD	2	1	17435	3660	0.375787167196246	0.531907514319529
ABC_membrane_2	2	1	17435	3660	0.375787167196246	0.531907514319529
Aconitase	2	1	17435	3660	0.375787167196246	0.531907514319529
Aconitase_C	2	1	17435	3660	0.375787167196246	0.531907514319529
ACT	2	1	17435	3660	0.375787167196246	0.531907514319529
Amidase	6	2	17435	3660	0.369016923250394	0.531907514319529
Aminotran_5	6	2	17435	3660	0.369016923250394	0.531907514319529
ApoLp-III	2	1	17435	3660	0.375787167196246	0.531907514319529
Arfaptin	2	1	17435	3660	0.375787167196246	0.531907514319529
ArgoL2	2	1	17435	3660	0.375787167196246	0.531907514319529
Asn_synthase	2	1	17435	3660	0.375787167196246	0.531907514319529
ATP-synt_A	2	1	17435	3660	0.375787167196246	0.531907514319529
ATP-synt_DE_N	2	1	17435	3660	0.375787167196246	0.531907514319529
ATP-synt_S1	2	1	17435	3660	0.375787167196246	0.531907514319529
Band_3_cyto	2	1	17435	3660	0.375787167196246	0.531907514319529
BK_channel_a	2	1	17435	3660	0.375787167196246	0.531907514319529
BRF1	2	1	17435	3660	0.375787167196246	0.531907514319529
Calreticulin	2	1	17435	3660	0.375787167196246	0.531907514319529
Carb_anhydrase	14	4	17435	3660	0.336286745566593	0.531907514319529
CARMIL_C	2	1	17435	3660	0.375787167196246	0.531907514319529
CDC48_2	2	1	17435	3660	0.375787167196246	0.531907514319529
CDC48_N	2	1	17435	3660	0.375787167196246	0.531907514319529
CDK5_activator	2	1	17435	3660	0.375787167196246	0.531907514319529
CEBP_ZZ	2	1	17435	3660	0.375787167196246	0.531907514319529
Ceramidase_alk	2	1	17435	3660	0.375787167196246	0.531907514319529
Ceramidse_alk_C	2	1	17435	3660	0.375787167196246	0.531907514319529
Chitin_synth_2	2	1	17435	3660	0.375787167196246	0.531907514319529
CitMHS	2	1	17435	3660	0.375787167196246	0.531907514319529
Citrate_synt	2	1	17435	3660	0.375787167196246	0.531907514319529
CLP_protease	2	1	17435	3660	0.375787167196246	0.531907514319529
CLP1_P	2	1	17435	3660	0.375787167196246	0.531907514319529
cNMP_binding	19	5	17435	3660	0.367707629485446	0.531907514319529
CoA_binding	2	1	17435	3660	0.375787167196246	0.531907514319529
COX5A	2	1	17435	3660	0.375787167196246	0.531907514319529
COX7a	2	1	17435	3660	0.375787167196246	0.531907514319529
CP2	2	1	17435	3660	0.375787167196246	0.531907514319529
CTNNB1_binding	2	1	17435	3660	0.375787167196246	0.531907514319529
CutA1	2	1	17435	3660	0.375787167196246	0.531907514319529
CybS	2	1	17435	3660	0.375787167196246	0.531907514319529
Cytochrom_C	2	1	17435	3660	0.375787167196246	0.531907514319529
DAO	10	3	17435	3660	0.352312892683331	0.531907514319529
Deltameth_res	2	1	17435	3660	0.375787167196246	0.531907514319529
DMA	2	1	17435	3660	0.375787167196246	0.531907514319529
dNK	2	1	17435	3660	0.375787167196246	0.531907514319529
DPPIV_N	6	2	17435	3660	0.369016923250394	0.531907514319529
Drf_FH3	6	2	17435	3660	0.369016923250394	0.531907514319529
DUF1279	2	1	17435	3660	0.375787167196246	0.531907514319529
DUF1325	2	1	17435	3660	0.375787167196246	0.531907514319529
DUF389	2	1	17435	3660	0.375787167196246	0.531907514319529
DUF4061	2	1	17435	3660	0.375787167196246	0.531907514319529
DUF4203	2	1	17435	3660	0.375787167196246	0.531907514319529
DUF4205	2	1	17435	3660	0.375787167196246	0.531907514319529
DUF4774	2	1	17435	3660	0.375787167196246	0.531907514319529
DUF4808	2	1	17435	3660	0.375787167196246	0.531907514319529
DUF4816	2	1	17435	3660	0.375787167196246	0.531907514319529
DUF753	6	2	17435	3660	0.369016923250394	0.531907514319529
DUF971	2	1	17435	3660	0.375787167196246	0.531907514319529
Dynamin_M	2	1	17435	3660	0.375787167196246	0.531907514319529
EFhand_Ca_insen	2	1	17435	3660	0.375787167196246	0.531907514319529
EHD_N	2	1	17435	3660	0.375787167196246	0.531907514319529
ELMO_CED12	2	1	17435	3660	0.375787167196246	0.531907514319529
Engrail_1_C_sig	2	1	17435	3660	0.375787167196246	0.531907514319529
ER_lumen_recept	2	1	17435	3660	0.375787167196246	0.531907514319529
ERAP1_C	31	8	17435	3660	0.318517541387622	0.531907514319529
Exo_endo_phos_2	2	1	17435	3660	0.375787167196246	0.531907514319529
EXS	2	1	17435	3660	0.375787167196246	0.531907514319529
F-box	14	4	17435	3660	0.336286745566593	0.531907514319529
FA	6	2	17435	3660	0.369016923250394	0.531907514319529
FAM195	2	1	17435	3660	0.375787167196246	0.531907514319529
FAST_1	2	1	17435	3660	0.375787167196246	0.531907514319529
FAST_2	2	1	17435	3660	0.375787167196246	0.531907514319529
Fe-S_biosyn	2	1	17435	3660	0.375787167196246	0.531907514319529
FerI	2	1	17435	3660	0.375787167196246	0.531907514319529
Ferlin_C	2	1	17435	3660	0.375787167196246	0.531907514319529
FERM_C	10	3	17435	3660	0.352312892683331	0.531907514319529
FERM_f0	2	1	17435	3660	0.375787167196246	0.531907514319529
Flot	2	1	17435	3660	0.375787167196246	0.531907514319529
FYVE_2	2	1	17435	3660	0.375787167196246	0.531907514319529
GalKase_gal_bdg	2	1	17435	3660	0.375787167196246	0.531907514319529
GAS2	2	1	17435	3660	0.375787167196246	0.531907514319529
GAT	2	1	17435	3660	0.375787167196246	0.531907514319529
GATase_6	2	1	17435	3660	0.375787167196246	0.531907514319529
GATase_7	2	1	17435	3660	0.375787167196246	0.531907514319529
GBP	2	1	17435	3660	0.375787167196246	0.531907514319529
GDPD	2	1	17435	3660	0.375787167196246	0.531907514319529
GED	2	1	17435	3660	0.375787167196246	0.531907514319529
GF_recep_IV	2	1	17435	3660	0.375787167196246	0.531907514319529
GILT	6	2	17435	3660	0.369016923250394	0.531907514319529
Glyco_transf_8	2	1	17435	3660	0.375787167196246	0.531907514319529
Glypican	2	1	17435	3660	0.375787167196246	0.531907514319529
GRIM-19	2	1	17435	3660	0.375787167196246	0.531907514319529
Gypsy	19	5	17435	3660	0.367707629485446	0.531907514319529
HCO3_cotransp	2	1	17435	3660	0.375787167196246	0.531907514319529
His_Phos_1	6	2	17435	3660	0.369016923250394	0.531907514319529
His_Phos_2	10	3	17435	3660	0.352312892683331	0.531907514319529
HMGL-like	2	1	17435	3660	0.375787167196246	0.531907514319529
HR1	2	1	17435	3660	0.375787167196246	0.531907514319529
HSP20	18	5	17435	3660	0.321618740686795	0.531907514319529
Hydrolase_3	2	1	17435	3660	0.375787167196246	0.531907514319529
I_LWEQ	2	1	17435	3660	0.375787167196246	0.531907514319529
IATP	2	1	17435	3660	0.375787167196246	0.531907514319529
IFRD	2	1	17435	3660	0.375787167196246	0.531907514319529
IMD	2	1	17435	3660	0.375787167196246	0.531907514319529
Ins145_P3_rec	2	1	17435	3660	0.375787167196246	0.531907514319529
Jnk-SapK_ap_N	2	1	17435	3660	0.375787167196246	0.531907514319529
Kazal_2	10	3	17435	3660	0.352312892683331	0.531907514319529
KIF1B	2	1	17435	3660	0.375787167196246	0.531907514319529
Lamp	2	1	17435	3660	0.375787167196246	0.531907514319529
Lipase_3	2	1	17435	3660	0.375787167196246	0.531907514319529
Lipocalin_2	6	2	17435	3660	0.369016923250394	0.531907514319529
LMF1	2	1	17435	3660	0.375787167196246	0.531907514319529
LRRCT	2	1	17435	3660	0.375787167196246	0.531907514319529
LRRNT	2	1	17435	3660	0.375787167196246	0.531907514319529
M20_dimer	2	1	17435	3660	0.375787167196246	0.531907514319529
Macro	2	1	17435	3660	0.375787167196246	0.531907514319529
Meis_PKNOX_N	2	1	17435	3660	0.375787167196246	0.531907514319529
MRP-L28	2	1	17435	3660	0.375787167196246	0.531907514319529
Mt_ATP-synt_B	2	1	17435	3660	0.375787167196246	0.531907514319529
Mtc	2	1	17435	3660	0.375787167196246	0.531907514319529
Myosin_head	18	5	17435	3660	0.321618740686795	0.531907514319529
MyTH4	6	2	17435	3660	0.369016923250394	0.531907514319529
Na_trans_assoc	2	1	17435	3660	0.375787167196246	0.531907514319529
Ndr	2	1	17435	3660	0.375787167196246	0.531907514319529
NDUFV3	2	1	17435	3660	0.375787167196246	0.531907514319529
NIDO	2	1	17435	3660	0.375787167196246	0.531907514319529
Notch	2	1	17435	3660	0.375787167196246	0.531907514319529
NT-C2	2	1	17435	3660	0.375787167196246	0.531907514319529
Orn_Arg_deC_N	6	2	17435	3660	0.369016923250394	0.531907514319529
OxoGdeHyase_C	2	1	17435	3660	0.375787167196246	0.531907514319529
PARG_cat	2	1	17435	3660	0.375787167196246	0.531907514319529
Pentapeptide_4	2	1	17435	3660	0.375787167196246	0.531907514319529
Peptidase_C97	2	1	17435	3660	0.375787167196246	0.531907514319529
Peptidase_M20	2	1	17435	3660	0.375787167196246	0.531907514319529
PGM_PMM_II	2	1	17435	3660	0.375787167196246	0.531907514319529
PGM_PMM_III	2	1	17435	3660	0.375787167196246	0.531907514319529
Phospholip_A2_2	6	2	17435	3660	0.369016923250394	0.531907514319529
PHR	2	1	17435	3660	0.375787167196246	0.531907514319529
PIP49_C	2	1	17435	3660	0.375787167196246	0.531907514319529
PITH	2	1	17435	3660	0.375787167196246	0.531907514319529
PK	2	1	17435	3660	0.375787167196246	0.531907514319529
PMT_2	2	1	17435	3660	0.375787167196246	0.531907514319529
PRA1	2	1	17435	3660	0.375787167196246	0.531907514319529
PRK	2	1	17435	3660	0.375787167196246	0.531907514319529
Prominin	2	1	17435	3660	0.375787167196246	0.531907514319529
Proteasom_Rpn13	2	1	17435	3660	0.375787167196246	0.531907514319529
PTPLA	2	1	17435	3660	0.375787167196246	0.531907514319529
Pyr_redox_dim	2	1	17435	3660	0.375787167196246	0.531907514319529
RAP	2	1	17435	3660	0.375787167196246	0.531907514319529
Rap_GAP	6	2	17435	3660	0.369016923250394	0.531907514319529
RBD-FIP	2	1	17435	3660	0.375787167196246	0.531907514319529
Reeler	6	2	17435	3660	0.369016923250394	0.531907514319529
RHD_dimer	6	2	17435	3660	0.369016923250394	0.531907514319529
RhoGEF	27	7	17435	3660	0.333058224681757	0.531907514319529
Ribosomal_L30	2	1	17435	3660	0.375787167196246	0.531907514319529
RIH_assoc	2	1	17435	3660	0.375787167196246	0.531907514319529
RRM_7	2	1	17435	3660	0.375787167196246	0.531907514319529
RYDR_ITPR	2	1	17435	3660	0.375787167196246	0.531907514319529
SBF2	2	1	17435	3660	0.375787167196246	0.531907514319529
Sdh5	2	1	17435	3660	0.375787167196246	0.531907514319529
SelP_N	2	1	17435	3660	0.375787167196246	0.531907514319529
SERTA	2	1	17435	3660	0.375787167196246	0.531907514319529
SH3BP5	2	1	17435	3660	0.375787167196246	0.531907514319529
SHIPPO-rpt	2	1	17435	3660	0.375787167196246	0.531907514319529
Skp1_POZ	2	1	17435	3660	0.375787167196246	0.531907514319529
SPX	2	1	17435	3660	0.375787167196246	0.531907514319529
SRCR_2	2	1	17435	3660	0.375787167196246	0.531907514319529
Sulfotransfer_2	6	2	17435	3660	0.369016923250394	0.531907514319529
Sulfotransfer_3	2	1	17435	3660	0.375787167196246	0.531907514319529
SVIP	2	1	17435	3660	0.375787167196246	0.531907514319529
Synaptobrevin	6	2	17435	3660	0.369016923250394	0.531907514319529
Syntaxin_2	2	1	17435	3660	0.375787167196246	0.531907514319529
TauD	2	1	17435	3660	0.375787167196246	0.531907514319529
TB2_DP1_HVA22	2	1	17435	3660	0.375787167196246	0.531907514319529
TGF_beta	6	2	17435	3660	0.369016923250394	0.531907514319529
THF_DHG_CYH	2	1	17435	3660	0.375787167196246	0.531907514319529
THF_DHG_CYH_C	2	1	17435	3660	0.375787167196246	0.531907514319529
Tim17	6	2	17435	3660	0.369016923250394	0.531907514319529
TipE	2	1	17435	3660	0.375787167196246	0.531907514319529
TIR_2	2	1	17435	3660	0.375787167196246	0.531907514319529
TMEM132	2	1	17435	3660	0.375787167196246	0.531907514319529
TMEM132D_C	2	1	17435	3660	0.375787167196246	0.531907514319529
TPR_2	6	2	17435	3660	0.369016923250394	0.531907514319529
Trehalose_PPase	2	1	17435	3660	0.375787167196246	0.531907514319529
TSP_3	2	1	17435	3660	0.375787167196246	0.531907514319529
TSP_C	2	1	17435	3660	0.375787167196246	0.531907514319529
Tweety	2	1	17435	3660	0.375787167196246	0.531907514319529
Ubiquitin_2	2	1	17435	3660	0.375787167196246	0.531907514319529
UIM	2	1	17435	3660	0.375787167196246	0.531907514319529
UMP1	2	1	17435	3660	0.375787167196246	0.531907514319529
UPA	2	1	17435	3660	0.375787167196246	0.531907514319529
UPF0640	2	1	17435	3660	0.375787167196246	0.531907514319529
V-ATPase_G	2	1	17435	3660	0.375787167196246	0.531907514319529
vATP-synt_AC39	2	1	17435	3660	0.375787167196246	0.531907514319529
VKG_Carbox	2	1	17435	3660	0.375787167196246	0.531907514319529
WSC	2	1	17435	3660	0.375787167196246	0.531907514319529
zf-C4H2	2	1	17435	3660	0.375787167196246	0.531907514319529
zf-CCHC_2	2	1	17435	3660	0.375787167196246	0.531907514319529
zf-MYND	23	6	17435	3660	0.349277024319143	0.531907514319529
zf-rbx1	2	1	17435	3660	0.375787167196246	0.531907514319529
zf-RING_UBOX	6	2	17435	3660	0.369016923250394	0.531907514319529
Zip	10	3	17435	3660	0.352312892683331	0.531907514319529
Y_phosphatase	15	4	17435	3660	0.389237687255727	0.550371536933019
UQ_con	24	6	17435	3660	0.390739216991382	0.551919144000327
ABC2_membrane_3	11	3	17435	3660	0.415536380943063	0.583299516106411
Aldo_ket_red	11	3	17435	3660	0.415536380943063	0.583299516106411
Ank_5	11	3	17435	3660	0.415536380943063	0.583299516106411
DHHC	11	3	17435	3660	0.415536380943063	0.583299516106411
E1_DerP2_DerF2	20	5	17435	3660	0.413835155042047	0.583299516106411
Peptidase_C1	11	3	17435	3660	0.415536380943063	0.583299516106411
A2M_N	7	2	17435	3660	0.450432400045524	0.616955893395688
A2M_N_2	7	2	17435	3660	0.450432400045524	0.616955893395688
Band_7	7	2	17435	3660	0.450432400045524	0.616955893395688
Complex1_LYR	7	2	17435	3660	0.450432400045524	0.616955893395688
Cu-oxidase	7	2	17435	3660	0.450432400045524	0.616955893395688
Cu-oxidase_2	7	2	17435	3660	0.450432400045524	0.616955893395688
Cu-oxidase_3	7	2	17435	3660	0.450432400045524	0.616955893395688
DEP	7	2	17435	3660	0.450432400045524	0.616955893395688
DUF3421	7	2	17435	3660	0.450432400045524	0.616955893395688
FCH	7	2	17435	3660	0.450432400045524	0.616955893395688
FGGY_C	7	2	17435	3660	0.450432400045524	0.616955893395688
FGGY_N	7	2	17435	3660	0.450432400045524	0.616955893395688
FH2	7	2	17435	3660	0.450432400045524	0.616955893395688
GATA	7	2	17435	3660	0.450432400045524	0.616955893395688
Glyco_hydro_16	7	2	17435	3660	0.450432400045524	0.616955893395688
GTP_EFTU_D3	7	2	17435	3660	0.450432400045524	0.616955893395688
Inhibitor_I29	7	2	17435	3660	0.450432400045524	0.616955893395688
NACHT	16	4	17435	3660	0.441535101248926	0.616955893395688
Peptidase_M2	7	2	17435	3660	0.450432400045524	0.616955893395688
Peptidase_S9	7	2	17435	3660	0.450432400045524	0.616955893395688
RUN	7	2	17435	3660	0.450432400045524	0.616955893395688
SNARE	7	2	17435	3660	0.450432400045524	0.616955893395688
Sod_Cu	7	2	17435	3660	0.450432400045524	0.616955893395688
TPR_19	7	2	17435	3660	0.450432400045524	0.616955893395688
ABC_membrane	21	5	17435	3660	0.459393204974491	0.628594536776397
2OG-FeII_Oxy	3	1	17435	3660	0.506838562140417	0.631684825608829
3HCDH	3	1	17435	3660	0.506838562140417	0.631684825608829
3HCDH_N	3	1	17435	3660	0.506838562140417	0.631684825608829
60KD_IMP	3	1	17435	3660	0.506838562140417	0.631684825608829
Acyl_transf_1	3	1	17435	3660	0.506838562140417	0.631684825608829
Acyl-CoA_dh_1	12	3	17435	3660	0.476591218406007	0.631684825608829
Acyl-CoA_dh_N	12	3	17435	3660	0.476591218406007	0.631684825608829
Aldolase_II	3	1	17435	3660	0.506838562140417	0.631684825608829
ANAPC10	3	1	17435	3660	0.506838562140417	0.631684825608829
ArgoL1	3	1	17435	3660	0.506838562140417	0.631684825608829
ArgoN	3	1	17435	3660	0.506838562140417	0.631684825608829
ATP-grasp_2	3	1	17435	3660	0.506838562140417	0.631684825608829
ATP-synt_C	3	1	17435	3660	0.506838562140417	0.631684825608829
B12D	3	1	17435	3660	0.506838562140417	0.631684825608829
BAT2_N	3	1	17435	3660	0.506838562140417	0.631684825608829
Bestrophin	3	1	17435	3660	0.506838562140417	0.631684825608829
Biotin_carb_C	3	1	17435	3660	0.506838562140417	0.631684825608829
Biotin_carb_N	3	1	17435	3660	0.506838562140417	0.631684825608829
BPL_LplA_LipB	3	1	17435	3660	0.506838562140417	0.631684825608829
BRO1	3	1	17435	3660	0.506838562140417	0.631684825608829
Cadherin_C	3	1	17435	3660	0.506838562140417	0.631684825608829
CHGN	3	1	17435	3660	0.506838562140417	0.631684825608829
CLIP	36	8	17435	3660	0.493288323906216	0.631684825608829
COX6B	3	1	17435	3660	0.506838562140417	0.631684825608829
Creatinase_N	3	1	17435	3660	0.506838562140417	0.631684825608829
Creatinase_N_2	3	1	17435	3660	0.506838562140417	0.631684825608829
CSN8_PSD8_EIF3K	3	1	17435	3660	0.506838562140417	0.631684825608829
Cullin_binding	3	1	17435	3660	0.506838562140417	0.631684825608829
Dpy-30	3	1	17435	3660	0.506838562140417	0.631684825608829
DUF1053	3	1	17435	3660	0.506838562140417	0.631684825608829
DUF1981	3	1	17435	3660	0.506838562140417	0.631684825608829
DUF3694	3	1	17435	3660	0.506838562140417	0.631684825608829
EF-hand_like	3	1	17435	3660	0.506838562140417	0.631684825608829
Exostosin	3	1	17435	3660	0.506838562140417	0.631684825608829
FAD_binding_8	3	1	17435	3660	0.506838562140417	0.631684825608829
FG-GAP	3	1	17435	3660	0.506838562140417	0.631684825608829
Fibrinogen_C	36	8	17435	3660	0.493288323906216	0.631684825608829
Frag1	3	1	17435	3660	0.506838562140417	0.631684825608829
Gal_Lectin	3	1	17435	3660	0.506838562140417	0.631684825608829
Gb3_synth	3	1	17435	3660	0.506838562140417	0.631684825608829
GHMP_kinases_C	3	1	17435	3660	0.506838562140417	0.631684825608829
Gly_transf_sug	3	1	17435	3660	0.506838562140417	0.631684825608829
Glyco_transf_49	3	1	17435	3660	0.506838562140417	0.631684825608829
Glyco_transf_64	3	1	17435	3660	0.506838562140417	0.631684825608829
HEAT_2	3	1	17435	3660	0.506838562140417	0.631684825608829
Integrin_beta	3	1	17435	3660	0.506838562140417	0.631684825608829
Kinesin_assoc	3	1	17435	3660	0.506838562140417	0.631684825608829
Ldh_1_C	3	1	17435	3660	0.506838562140417	0.631684825608829
Ldh_1_N	3	1	17435	3660	0.506838562140417	0.631684825608829
LLGL	3	1	17435	3660	0.506838562140417	0.631684825608829
Lyase_1	3	1	17435	3660	0.506838562140417	0.631684825608829
malic	3	1	17435	3660	0.506838562140417	0.631684825608829
Malic_M	3	1	17435	3660	0.506838562140417	0.631684825608829
NAD_binding_6	3	1	17435	3660	0.506838562140417	0.631684825608829
NCD3G	3	1	17435	3660	0.506838562140417	0.631684825608829
P4Ha_N	3	1	17435	3660	0.506838562140417	0.631684825608829
PBP_GOBP	78	17	17435	3660	0.475297395212998	0.631684825608829
PCI	17	4	17435	3660	0.492391632537106	0.631684825608829
PEPCK_C	3	1	17435	3660	0.506838562140417	0.631684825608829
PEPCK_N	3	1	17435	3660	0.506838562140417	0.631684825608829
Peptidase_C54	3	1	17435	3660	0.506838562140417	0.631684825608829
Peptidase_M14	26	6	17435	3660	0.472991888120273	0.631684825608829
Peptidase_M24_C	3	1	17435	3660	0.506838562140417	0.631684825608829
PET	3	1	17435	3660	0.506838562140417	0.631684825608829
PGM_PMM_I	3	1	17435	3660	0.506838562140417	0.631684825608829
PGM_PMM_IV	3	1	17435	3660	0.506838562140417	0.631684825608829
PID_2	3	1	17435	3660	0.506838562140417	0.631684825608829
PNP_UDP_1	3	1	17435	3660	0.506838562140417	0.631684825608829
PseudoU_synth_1	3	1	17435	3660	0.506838562140417	0.631684825608829
PSI_integrin	3	1	17435	3660	0.506838562140417	0.631684825608829
RBD	3	1	17435	3660	0.506838562140417	0.631684825608829
Rdx	3	1	17435	3660	0.506838562140417	0.631684825608829
RF-1	3	1	17435	3660	0.506838562140417	0.631684825608829
Rieske	3	1	17435	3660	0.506838562140417	0.631684825608829
RNF220	3	1	17435	3660	0.506838562140417	0.631684825608829
RPN7	3	1	17435	3660	0.506838562140417	0.631684825608829
S-methyl_trans	3	1	17435	3660	0.506838562140417	0.631684825608829
Scramblase	3	1	17435	3660	0.506838562140417	0.631684825608829
SH3_9	26	6	17435	3660	0.472991888120273	0.631684825608829
Ski_Sno	3	1	17435	3660	0.506838562140417	0.631684825608829
Sod_Fe_C	3	1	17435	3660	0.506838562140417	0.631684825608829
Sod_Fe_N	3	1	17435	3660	0.506838562140417	0.631684825608829
Str_synth	3	1	17435	3660	0.506838562140417	0.631684825608829
Syntaxin	3	1	17435	3660	0.506838562140417	0.631684825608829
TFIIB	3	1	17435	3660	0.506838562140417	0.631684825608829
TM2	3	1	17435	3660	0.506838562140417	0.631684825608829
TPR_6	3	1	17435	3660	0.506838562140417	0.631684825608829
Transglut_C	3	1	17435	3660	0.506838562140417	0.631684825608829
Transglut_core	3	1	17435	3660	0.506838562140417	0.631684825608829
Transglut_N	3	1	17435	3660	0.506838562140417	0.631684825608829
Transketolase_C	3	1	17435	3660	0.506838562140417	0.631684825608829
Tub	3	1	17435	3660	0.506838562140417	0.631684825608829
Tubulin	26	6	17435	3660	0.472991888120273	0.631684825608829
UAA	3	1	17435	3660	0.506838562140417	0.631684825608829
VHP	3	1	17435	3660	0.506838562140417	0.631684825608829
VWA_2	3	1	17435	3660	0.506838562140417	0.631684825608829
zf-A20	3	1	17435	3660	0.506838562140417	0.631684825608829
5_nucleotid_C	8	2	17435	3660	0.525480577387374	0.647185888226412
A2M_recep	8	2	17435	3660	0.525480577387374	0.647185888226412
adh_short_C2	8	2	17435	3660	0.525480577387374	0.647185888226412
Cytochrom_B561	8	2	17435	3660	0.525480577387374	0.647185888226412
FR47	8	2	17435	3660	0.525480577387374	0.647185888226412
GST_C_3	8	2	17435	3660	0.525480577387374	0.647185888226412
Hemopexin	8	2	17435	3660	0.525480577387374	0.647185888226412
PAS_11	8	2	17435	3660	0.525480577387374	0.647185888226412
Peptidase_M10	8	2	17435	3660	0.525480577387374	0.647185888226412
Ribosomal_L7Ae	8	2	17435	3660	0.525480577387374	0.647185888226412
STAS	8	2	17435	3660	0.525480577387374	0.647185888226412
T-box	8	2	17435	3660	0.525480577387374	0.647185888226412
TTL	8	2	17435	3660	0.525480577387374	0.647185888226412
ADH_N	13	3	17435	3660	0.534478899690393	0.655885418986582
DSPc	13	3	17435	3660	0.534478899690393	0.655885418986582
RGS	13	3	17435	3660	0.534478899690393	0.655885418986582
SPRY	13	3	17435	3660	0.534478899690393	0.655885418986582
Tetraspannin	23	5	17435	3660	0.546798145744322	0.670396279954159
HLH	53	11	17435	3660	0.571201763694219	0.699683461218935
4HBT_2	4	1	17435	3660	0.610382094871376	0.708022344435916
A2M	9	2	17435	3660	0.59324657949051	0.708022344435916
A2M_comp	9	2	17435	3660	0.59324657949051	0.708022344435916
AAA_16	4	1	17435	3660	0.610382094871376	0.708022344435916
Abhydro_lipase	14	3	17435	3660	0.58853130536052	0.708022344435916
Ammonium_transp	4	1	17435	3660	0.610382094871376	0.708022344435916
Anoct_dimer	4	1	17435	3660	0.610382094871376	0.708022344435916
BAR	4	1	17435	3660	0.610382094871376	0.708022344435916
Biopterin_H	4	1	17435	3660	0.610382094871376	0.708022344435916
Cation_ATPase	9	2	17435	3660	0.59324657949051	0.708022344435916
cEGF	4	1	17435	3660	0.610382094871376	0.708022344435916
CIDE-N	4	1	17435	3660	0.610382094871376	0.708022344435916
CLASP_N	4	1	17435	3660	0.610382094871376	0.708022344435916
CPSase_L_D2	4	1	17435	3660	0.610382094871376	0.708022344435916
CRAL_TRIO_2	4	1	17435	3660	0.610382094871376	0.708022344435916
DM	4	1	17435	3660	0.610382094871376	0.708022344435916
DUF1899	4	1	17435	3660	0.610382094871376	0.708022344435916
DUF3585	4	1	17435	3660	0.610382094871376	0.708022344435916
Ets	9	2	17435	3660	0.59324657949051	0.708022344435916
FA_desaturase	9	2	17435	3660	0.59324657949051	0.708022344435916
FAO_M	4	1	17435	3660	0.610382094871376	0.708022344435916
Ferric_reduct	4	1	17435	3660	0.610382094871376	0.708022344435916
GDP_Man_Dehyd	4	1	17435	3660	0.610382094871376	0.708022344435916
GHMP_kinases_N	4	1	17435	3660	0.610382094871376	0.708022344435916
Glyco_transf_43	4	1	17435	3660	0.610382094871376	0.708022344435916
GST_C_2	4	1	17435	3660	0.610382094871376	0.708022344435916
GST_N	9	2	17435	3660	0.59324657949051	0.708022344435916
HlyIII	4	1	17435	3660	0.610382094871376	0.708022344435916
Hydrolase_4	4	1	17435	3660	0.610382094871376	0.708022344435916
Integrin_alpha2	4	1	17435	3660	0.610382094871376	0.708022344435916
JAB	9	2	17435	3660	0.59324657949051	0.708022344435916
Kinesin	24	5	17435	3660	0.587866284889832	0.708022344435916
L51_S25_CI-B8	4	1	17435	3660	0.610382094871376	0.708022344435916
LRR_4	9	2	17435	3660	0.59324657949051	0.708022344435916
MH1	4	1	17435	3660	0.610382094871376	0.708022344435916
MH2	4	1	17435	3660	0.610382094871376	0.708022344435916
MitMem_reg	4	1	17435	3660	0.610382094871376	0.708022344435916
MOSC	4	1	17435	3660	0.610382094871376	0.708022344435916
MOSC_N	4	1	17435	3660	0.610382094871376	0.708022344435916
MtN3_slv	4	1	17435	3660	0.610382094871376	0.708022344435916
MTS	4	1	17435	3660	0.610382094871376	0.708022344435916
Neuralized	4	1	17435	3660	0.610382094871376	0.708022344435916
Oxysterol_BP	4	1	17435	3660	0.610382094871376	0.708022344435916
PALP	4	1	17435	3660	0.610382094871376	0.708022344435916
Patatin	4	1	17435	3660	0.610382094871376	0.708022344435916
PH_BEACH	4	1	17435	3660	0.610382094871376	0.708022344435916
PI-PLC-Y	4	1	17435	3660	0.610382094871376	0.708022344435916
Pou	4	1	17435	3660	0.610382094871376	0.708022344435916
PRELI	4	1	17435	3660	0.610382094871376	0.708022344435916
Propep_M14	19	4	17435	3660	0.587444222782424	0.708022344435916
Prp18	4	1	17435	3660	0.610382094871376	0.708022344435916
PSI	9	2	17435	3660	0.59324657949051	0.708022344435916
RAWUL	4	1	17435	3660	0.610382094871376	0.708022344435916
rve	4	1	17435	3660	0.610382094871376	0.708022344435916
RVT_1	4	1	17435	3660	0.610382094871376	0.708022344435916
Sel1	4	1	17435	3660	0.610382094871376	0.708022344435916
SIX1_SD	4	1	17435	3660	0.610382094871376	0.708022344435916
VHS	4	1	17435	3660	0.610382094871376	0.708022344435916
Vinculin	4	1	17435	3660	0.610382094871376	0.708022344435916
WD40_4	4	1	17435	3660	0.610382094871376	0.708022344435916
WH1	4	1	17435	3660	0.610382094871376	0.708022344435916
zf-AN1	4	1	17435	3660	0.610382094871376	0.708022344435916
Peptidase_M1	30	6	17435	3660	0.624628556168089	0.723928480481991
Ras	60	12	17435	3660	0.625499537007634	0.724318849002862
HMG_box	20	4	17435	3660	0.630846489717518	0.729887235543476
Alpha-amylase_C	10	2	17435	3660	0.653480001192305	0.749043855973597
CBM39	10	2	17435	3660	0.653480001192305	0.749043855973597
E1-E2_ATPase	10	2	17435	3660	0.653480001192305	0.749043855973597
F-box-like	56	11	17435	3660	0.649977019254593	0.749043855973597
FAD_binding_5	10	2	17435	3660	0.653480001192305	0.749043855973597
Fer2_2	10	2	17435	3660	0.653480001192305	0.749043855973597
Fz	10	2	17435	3660	0.653480001192305	0.749043855973597
GTP_EFTU_D2	10	2	17435	3660	0.653480001192305	0.749043855973597
NUDIX	10	2	17435	3660	0.653480001192305	0.749043855973597
PAX	10	2	17435	3660	0.653480001192305	0.749043855973597
Sulfate_transp	10	2	17435	3660	0.653480001192305	0.749043855973597
Lig_chan	36	7	17435	3660	0.655022154394283	0.750177399796155
zf-RING_2	31	6	17435	3660	0.658378591761551	0.753385122724611
1-cysPrx_C	5	1	17435	3660	0.692190455422736	0.766212455145494
2-Hacid_dh	5	1	17435	3660	0.692190455422736	0.766212455145494
2-Hacid_dh_C	5	1	17435	3660	0.692190455422736	0.766212455145494
2OG-FeII_Oxy_3	5	1	17435	3660	0.692190455422736	0.766212455145494
AA_permease_C	5	1	17435	3660	0.692190455422736	0.766212455145494
Activin_recp	5	1	17435	3660	0.692190455422736	0.766212455145494
Acyl-CoA_dh_M	16	3	17435	3660	0.683774619572363	0.766212455145494
Adap_comp_sub	5	1	17435	3660	0.692190455422736	0.766212455145494
ADK	5	1	17435	3660	0.692190455422736	0.766212455145494
AhpC-TSA	5	1	17435	3660	0.692190455422736	0.766212455145494
Ank_3	5	1	17435	3660	0.692190455422736	0.766212455145494
Bax1-I	5	1	17435	3660	0.692190455422736	0.766212455145494
CDP-OH_P_transf	5	1	17435	3660	0.692190455422736	0.766212455145494
Cofilin_ADF	5	1	17435	3660	0.692190455422736	0.766212455145494
DAGK_acc	5	1	17435	3660	0.692190455422736	0.766212455145494
DENN	5	1	17435	3660	0.692190455422736	0.766212455145494
DnaJ_C	5	1	17435	3660	0.692190455422736	0.766212455145494
ELM2	5	1	17435	3660	0.692190455422736	0.766212455145494
Folate_carrier	5	1	17435	3660	0.692190455422736	0.766212455145494
Glutaredoxin	5	1	17435	3660	0.692190455422736	0.766212455145494
Glyco_hydro_20	5	1	17435	3660	0.692190455422736	0.766212455145494
Glyco_transf_92	5	1	17435	3660	0.692190455422736	0.766212455145494
Lactamase_B	5	1	17435	3660	0.692190455422736	0.766212455145494
Lys	5	1	17435	3660	0.692190455422736	0.766212455145494
Na_H_Exchanger	5	1	17435	3660	0.692190455422736	0.766212455145494
OS-D	42	8	17435	3660	0.680939550645486	0.766212455145494
Otopetrin	5	1	17435	3660	0.692190455422736	0.766212455145494
Peptidase_M16	5	1	17435	3660	0.692190455422736	0.766212455145494
Peptidase_S10	5	1	17435	3660	0.692190455422736	0.766212455145494
Porin_3	5	1	17435	3660	0.692190455422736	0.766212455145494
PQ-loop	5	1	17435	3660	0.692190455422736	0.766212455145494
RHD_DNA_bind	5	1	17435	3660	0.692190455422736	0.766212455145494
Sec1	5	1	17435	3660	0.692190455422736	0.766212455145494
Thiol-ester_cl	5	1	17435	3660	0.692190455422736	0.766212455145494
TIG	5	1	17435	3660	0.692190455422736	0.766212455145494
UBX	5	1	17435	3660	0.692190455422736	0.766212455145494
uDENN	5	1	17435	3660	0.692190455422736	0.766212455145494
VPS9	5	1	17435	3660	0.692190455422736	0.766212455145494
zf-C2H2_2	5	1	17435	3660	0.692190455422736	0.766212455145494
zf-C4	21	4	17435	3660	0.671188439068819	0.766212455145494
SH3_1	27	5	17435	3660	0.697617649892234	0.771590157629583
Ald_Xan_dh_C	11	2	17435	3660	0.706356361247692	0.77808223058641
Ald_Xan_dh_C2	11	2	17435	3660	0.706356361247692	0.77808223058641
Alk_phosphatase	11	2	17435	3660	0.706356361247692	0.77808223058641
CO_deh_flav_C	11	2	17435	3660	0.706356361247692	0.77808223058641
ZZ	11	2	17435	3660	0.706356361247692	0.77808223058641
Metallophos	28	5	17435	3660	0.729329940673456	0.802736525611369
AAA	39	7	17435	3660	0.739325021356886	0.813077639059155
Aldedh	12	2	17435	3660	0.752309389816029	0.815134963843026
Aminotran_1_2	12	2	17435	3660	0.752309389816029	0.815134963843026
Anoctamin	6	1	17435	3660	0.756825161857205	0.815134963843026
Beach	6	1	17435	3660	0.756825161857205	0.815134963843026
C1_1	23	4	17435	3660	0.742388528348705	0.815134963843026
CNH	6	1	17435	3660	0.756825161857205	0.815134963843026
Dynamin_N	6	1	17435	3660	0.756825161857205	0.815134963843026
EGF_2	6	1	17435	3660	0.756825161857205	0.815134963843026
G-alpha	6	1	17435	3660	0.756825161857205	0.815134963843026
GCV_T	6	1	17435	3660	0.756825161857205	0.815134963843026
GCV_T_C	6	1	17435	3660	0.756825161857205	0.815134963843026
Hairy_orange	6	1	17435	3660	0.756825161857205	0.815134963843026
Hydrolase	6	1	17435	3660	0.756825161857205	0.815134963843026
Kazal_1	6	1	17435	3660	0.756825161857205	0.815134963843026
Lipocalin	6	1	17435	3660	0.756825161857205	0.815134963843026
LRR_9	12	2	17435	3660	0.752309389816029	0.815134963843026
MBF2	6	1	17435	3660	0.756825161857205	0.815134963843026
Methyltransf_11	6	1	17435	3660	0.756825161857205	0.815134963843026
MIT	6	1	17435	3660	0.756825161857205	0.815134963843026
PrmA	6	1	17435	3660	0.756825161857205	0.815134963843026
PRP4	6	1	17435	3660	0.756825161857205	0.815134963843026
RNase_T	6	1	17435	3660	0.756825161857205	0.815134963843026
Tctex-1	6	1	17435	3660	0.756825161857205	0.815134963843026
UBA_4	6	1	17435	3660	0.756825161857205	0.815134963843026
zf-Di19	6	1	17435	3660	0.756825161857205	0.815134963843026
zf-LITAF-like	6	1	17435	3660	0.756825161857205	0.815134963843026
SH2	29	5	17435	3660	0.758559100970689	0.816354080092265
GST_C	24	4	17435	3660	0.773292977040479	0.831550576421007
Arm	7	1	17435	3660	0.807890622159151	0.859215438155145
CAP_GLY	7	1	17435	3660	0.807890622159151	0.859215438155145
CS	7	1	17435	3660	0.807890622159151	0.859215438155145
DAGK_cat	7	1	17435	3660	0.807890622159151	0.859215438155145
EMP24_GP25L	7	1	17435	3660	0.807890622159151	0.859215438155145
Frizzled	7	1	17435	3660	0.807890622159151	0.859215438155145
Galactosyl_T	7	1	17435	3660	0.807890622159151	0.859215438155145
Glyco_hydro_1	7	1	17435	3660	0.807890622159151	0.859215438155145
GST_N_3	25	4	17435	3660	0.8011959081435	0.859215438155145
IBR	7	1	17435	3660	0.807890622159151	0.859215438155145
Peptidase_M16_C	7	1	17435	3660	0.807890622159151	0.859215438155145
polyprenyl_synt	7	1	17435	3660	0.807890622159151	0.859215438155145
Snf7	7	1	17435	3660	0.807890622159151	0.859215438155145
TIL	7	1	17435	3660	0.807890622159151	0.859215438155145
Ins_allergen_rp	14	2	17435	3660	0.825812204827688	0.877587264691493
Amino_oxidase	8	1	17435	3660	0.848234914269406	0.895799488901335
Fer2	8	1	17435	3660	0.848234914269406	0.895799488901335
MBOAT	8	1	17435	3660	0.848234914269406	0.895799488901335
MIF4G	8	1	17435	3660	0.848234914269406	0.895799488901335
PAP2	8	1	17435	3660	0.848234914269406	0.895799488901335
Pyr_redox_2	8	1	17435	3660	0.848234914269406	0.895799488901335
WRW	8	1	17435	3660	0.848234914269406	0.895799488901335
zf-UBP	8	1	17435	3660	0.848234914269406	0.895799488901335
DnaJ	33	5	17435	3660	0.851903059154603	0.898973189271317
Acyltransferase	15	2	17435	3660	0.854651819433991	0.899773188782991
HECT	15	2	17435	3660	0.854651819433991	0.899773188782991
Pro_isomerase	15	2	17435	3660	0.854651819433991	0.899773188782991
KH_1	22	3	17435	3660	0.87034046343952	0.915579261771908
CN_hydrolase	9	1	17435	3660	0.880108456116767	0.920854217974025
PAS	9	1	17435	3660	0.880108456116767	0.920854217974025
PBP	9	1	17435	3660	0.880108456116767	0.920854217974025
Peptidase_M28	9	1	17435	3660	0.880108456116767	0.920854217974025
Pkinase_C	9	1	17435	3660	0.880108456116767	0.920854217974025
SAM_2	9	1	17435	3660	0.880108456116767	0.920854217974025
SOCS_box	9	1	17435	3660	0.880108456116767	0.920854217974025
UCH	23	3	17435	3660	0.889533253703143	0.9299977579194
bZIP_2	10	1	17435	3660	0.905289395552819	0.94138989292149
Gal-bind_lectin	10	1	17435	3660	0.905289395552819	0.94138989292149
Hydrolase_6	10	1	17435	3660	0.905289395552819	0.94138989292149
Hydrolase_like	10	1	17435	3660	0.905289395552819	0.94138989292149
Peptidase_M24	10	1	17435	3660	0.905289395552819	0.94138989292149
Piwi	10	1	17435	3660	0.905289395552819	0.94138989292149
zf-C3HC4_2	10	1	17435	3660	0.905289395552819	0.94138989292149
RabGAP-TBC	25	3	17435	3660	0.920449430153266	0.955688688581799
Thioredoxin	25	3	17435	3660	0.920449430153266	0.955688688581799
ANAPC4_WD40	11	1	17435	3660	0.925182698983331	0.956939542197862
BESS	11	1	17435	3660	0.925182698983331	0.956939542197862
ECH_1	11	1	17435	3660	0.925182698983331	0.956939542197862
Endonuclease_NS	11	1	17435	3660	0.925182698983331	0.956939542197862
TPR_1	11	1	17435	3660	0.925182698983331	0.956939542197862
GTP_EFTU	19	2	17435	3660	0.931341164644749	0.961110060318326
Hormone_recep	19	2	17435	3660	0.931341164644749	0.961110060318326
zf-B_box	19	2	17435	3660	0.931341164644749	0.961110060318326
Mito_carr	39	5	17435	3660	0.934341643039805	0.963473207575647
PP2C	12	1	17435	3660	0.940898454362177	0.968761050960602
TPR_11	12	1	17435	3660	0.940898454362177	0.968761050960602
Arf	13	1	17435	3660	0.953313747769422	0.977831650510845
Rhabdo_ncap	13	1	17435	3660	0.953313747769422	0.977831650510845
TPR_12	13	1	17435	3660	0.953313747769422	0.977831650510845
TPR_16	13	1	17435	3660	0.953313747769422	0.977831650510845
zf-C2H2_jaz	13	1	17435	3660	0.953313747769422	0.977831650510845
Ricin_B_lectin	15	1	17435	3660	0.970869397288579	0.995086094273102
Astacin	24	2	17435	3660	0.974252394227634	0.9962943035993
TPR_8	24	2	17435	3660	0.974252394227634	0.9962943035993
ubiquitin	24	2	17435	3660	0.974252394227634	0.9962943035993
TUDOR	16	1	17435	3660	0.976989833908775	0.998340779789223
7tm_7	31	1	17435	3660	0.999332151875887	1
DDE_1	52	1	17435	3660	0.99999532236317	1
DDE_Tnp_4	48	1	17435	3660	0.999987959000251	1
DM4_12	24	1	17435	3660	0.99651467561834	1
DUF1676	25	1	17435	3660	0.997247332400655	1
DUF4806	32	2	17435	3660	0.994978322402093	1
FHA	18	1	17435	3660	0.985643769458895	1
FYVE	17	1	17435	3660	0.981824623959517	1
Glycos_transf_2	17	1	17435	3660	0.981824623959517	1
Helicase_C	83	1	17435	3660	0.999999996952257	1
Histone	259	2	17435	3660	1	1
HTH_psq	28	2	17435	3660	0.988536509605652	1
Linker_histone	88	2	17435	3660	0.99999997713362	1
MADF_DNA_bdg	36	1	17435	3660	0.99979491608211	1
MMR_HSR1	20	1	17435	3660	0.991043577744608	1
PHD	22	1	17435	3660	0.994412697869421	1
Pkinase	169	23	17435	3660	0.995006652919789	1
PX	18	1	17435	3660	0.985643769458895	1
RRM_1	129	14	17435	3660	0.999219347887212	1
SAM_1	22	1	17435	3660	0.994412697869421	1
SNF2_N	19	1	17435	3660	0.988660580837459	1
WD40	140	11	17435	3660	0.999993861584464	1
WW	20	1	17435	3660	0.991043577744608	1
zf-AD	343	5	17435	3660	1	1
zf-C2H2	485	30	17435	3660	1	1
zf-C2H2_4	57	2	17435	3660	0.999976757934982	1
zf-C2H2_6	128	8	17435	3660	0.999999169559624	1
zf-C3HC4_3	25	1	17435	3660	0.997247332400655	1
zf-met	83	1	17435	3660	0.999999996952257	1
