annot	freq_in_pop	freq_in_int	total_ano_in_pop	total_ano_in_int	pval	pval_adj
zf-AD	343	243	17435	3722	1.08817064106702e-87	1.72148595416802e-84
zf-C2H2	485	280	17435	3722	3.74434392345571e-70	2.96177604345347e-67
zf-C2H2_6	128	73	17435	3722	1.20678650086602e-18	6.36378748123348e-16
zf-met	83	54	17435	3722	1.03948931050702e-17	4.11118022305525e-15
zf-C2H2_4	57	40	17435	3722	3.47712458420031e-15	1.10016221844098e-12
Helicase_C	83	47	17435	3722	2.35972838712066e-12	6.22181718070815e-10
DEAD	58	35	17435	3722	1.3106919951465e-10	2.9621639090311e-08
THAP	82	39	17435	3722	1.14668875860057e-07	2.26757702013263e-05
TUDOR	16	13	17435	3722	5.44570662247396e-07	9.572342085282e-05
zf-B_box	19	14	17435	3722	1.54298844250664e-06	0.00024410077160455
IBN_N	13	11	17435	3722	2.09629692843995e-06	0.000301485612799273
AAA_12	13	10	17435	3722	2.92378654175224e-05	0.00385452525754337
Cyclin_N	16	11	17435	3722	6.14136942672934e-05	0.00747357417929678
AAA_11	12	9	17435	3722	0.000106328939188539	0.0120151701283049
Pkinase	169	57	17435	3722	0.000125189265071882	0.0132032944895811
WD40	140	48	17435	3722	0.000267447734426404	0.0264438947414107
BESS	11	8	17435	3722	0.000377564354841291	0.0351356946681719
PAP_assoc	5	5	17435	3722	0.000442439506099584	0.0388855165916412
Cyclin_C	9	7	17435	3722	0.000479632605179078	0.0399357253364895
Brix	7	6	17435	3722	0.000539761932766591	0.0406620656017499
RNase_PH	7	6	17435	3722	0.000539761932766591	0.0406620656017499
FLYWCH	20	11	17435	3722	0.00100184638501091	0.0720418627766933
BHD_1	4	4	17435	3722	0.00207427730791336	0.111397257208312
BHD_3	4	4	17435	3722	0.00207427730791336	0.111397257208312
Cupin_8	6	5	17435	3722	0.00218287924997325	0.111397257208312
DUF4217	4	4	17435	3722	0.00207427730791336	0.111397257208312
Dus	4	4	17435	3722	0.00207427730791336	0.111397257208312
FtsJ	6	5	17435	3722	0.00218287924997325	0.111397257208312
HRDC	4	4	17435	3722	0.00207427730791336	0.111397257208312
Methyltr_RsmB-F	4	4	17435	3722	0.00207427730791336	0.111397257208312
MOZ_SAS	4	4	17435	3722	0.00207427730791336	0.111397257208312
SNF2_N	19	10	17435	3722	0.00263968764261272	0.130499557831666
F-box	14	8	17435	3722	0.00369081696113037	0.176935528257826
F-box-like	56	21	17435	3722	0.00417560307114322	0.194288354663193
Beta_helix	3	3	17435	3722	0.00972272170786384	0.244148345108581
BRCT	5	4	17435	3722	0.00860162851516844	0.244148345108581
BRCT_2	5	4	17435	3722	0.00860162851516844	0.244148345108581
DALR_1	3	3	17435	3722	0.00972272170786384	0.244148345108581
E2F_TDP	3	3	17435	3722	0.00972272170786384	0.244148345108581
ERCC4	3	3	17435	3722	0.00972272170786384	0.244148345108581
GATase	3	3	17435	3722	0.00972272170786384	0.244148345108581
HEAT	5	4	17435	3722	0.00860162851516844	0.244148345108581
HEAT_EZ	3	3	17435	3722	0.00972272170786384	0.244148345108581
Helicase_C_2	3	3	17435	3722	0.00972272170786384	0.244148345108581
IMS	3	3	17435	3722	0.00972272170786384	0.244148345108581
IMS_C	3	3	17435	3722	0.00972272170786384	0.244148345108581
Kinesin	24	11	17435	3722	0.00636863730925111	0.244148345108581
mTERF	3	3	17435	3722	0.00972272170786384	0.244148345108581
MutS_II	3	3	17435	3722	0.00972272170786384	0.244148345108581
MutS_III	3	3	17435	3722	0.00972272170786384	0.244148345108581
MutS_IV	3	3	17435	3722	0.00972272170786384	0.244148345108581
MutS_V	3	3	17435	3722	0.00972272170786384	0.244148345108581
PAM2	3	3	17435	3722	0.00972272170786384	0.244148345108581
Phosphodiest	5	4	17435	3722	0.00860162851516844	0.244148345108581
PTCB-BRCT	5	4	17435	3722	0.00860162851516844	0.244148345108581
Rad4	5	4	17435	3722	0.00860162851516844	0.244148345108581
Rad51	5	4	17435	3722	0.00860162851516844	0.244148345108581
RecQ_Zn_bind	5	4	17435	3722	0.00860162851516844	0.244148345108581
SbcCD_C	3	3	17435	3722	0.00972272170786384	0.244148345108581
SpoU_methylase	3	3	17435	3722	0.00972272170786384	0.244148345108581
Toprim	3	3	17435	3722	0.00972272170786384	0.244148345108581
Utp12	3	3	17435	3722	0.00972272170786384	0.244148345108581
zf-HIT	5	4	17435	3722	0.00860162851516844	0.244148345108581
HA2	13	7	17435	3722	0.010134323232962	0.246653836223782
zf-C2H2_jaz	13	7	17435	3722	0.010134323232962	0.246653836223782
Bromodomain	19	9	17435	3722	0.010322058593971	0.247416616600941
MADF_DNA_bdg	36	14	17435	3722	0.0125289706694485	0.295833307448768
zf-MYND	23	10	17435	3722	0.0141433170363801	0.329040111052255
Pkinase_Tyr	51	18	17435	3722	0.0153062985581873	0.350935714768874
G-patch	17	8	17435	3722	0.0161638002667161	0.365301886027783
2OG-FeII_Oxy_2	3	2	17435	3722	0.117245046530394	0.389530796376986
3-PAP	1	1	17435	3722	0.213478634929739	0.389530796376986
40S_SA_C	1	1	17435	3722	0.213478634929739	0.389530796376986
53-BP1_Tudor	1	1	17435	3722	0.213478634929739	0.389530796376986
A_deamin	1	1	17435	3722	0.213478634929739	0.389530796376986
AAA	39	13	17435	3722	0.0563865861979392	0.389530796376986
AAA_16	4	2	17435	3722	0.201822038153072	0.389530796376986
AAA_22	2	2	17435	3722	0.0455634966487071	0.389530796376986
AAA_23	4	3	17435	3722	0.0326680549077153	0.389530796376986
AAA_30	1	1	17435	3722	0.213478634929739	0.389530796376986
AAA_33	3	2	17435	3722	0.117245046530394	0.389530796376986
AAA_34	1	1	17435	3722	0.213478634929739	0.389530796376986
AAA_assoc_2	1	1	17435	3722	0.213478634929739	0.389530796376986
AARP2CN	2	2	17435	3722	0.0455634966487071	0.389530796376986
AATF-Che1	1	1	17435	3722	0.213478634929739	0.389530796376986
Acetyltransf_13	2	2	17435	3722	0.0455634966487071	0.389530796376986
ACPS	1	1	17435	3722	0.213478634929739	0.389530796376986
ADK_lid	2	2	17435	3722	0.0455634966487071	0.389530796376986
AdoMet_MTase	1	1	17435	3722	0.213478634929739	0.389530796376986
AF-4	1	1	17435	3722	0.213478634929739	0.389530796376986
AHH	1	1	17435	3722	0.213478634929739	0.389530796376986
AKAP2_C	1	1	17435	3722	0.213478634929739	0.389530796376986
Ala_racemase_N	1	1	17435	3722	0.213478634929739	0.389530796376986
ALG3	1	1	17435	3722	0.213478634929739	0.389530796376986
Alk_phosphatase	11	4	17435	3722	0.192142569537644	0.389530796376986
ALMS_motif	1	1	17435	3722	0.213478634929739	0.389530796376986
Alpha-2-MRAP_C	1	1	17435	3722	0.213478634929739	0.389530796376986
Alpha-2-MRAP_N	1	1	17435	3722	0.213478634929739	0.389530796376986
ANAPC4	1	1	17435	3722	0.213478634929739	0.389530796376986
ANAPC4_WD40	11	4	17435	3722	0.192142569537644	0.389530796376986
ANAPC5	1	1	17435	3722	0.213478634929739	0.389530796376986
ANAPC8	1	1	17435	3722	0.213478634929739	0.389530796376986
Aquarius_N	1	1	17435	3722	0.213478634929739	0.389530796376986
Arg_tRNA_synt_N	1	1	17435	3722	0.213478634929739	0.389530796376986
Arginase	1	1	17435	3722	0.213478634929739	0.389530796376986
Arginosuc_synth	1	1	17435	3722	0.213478634929739	0.389530796376986
ARID	7	3	17435	3722	0.171940658621409	0.389530796376986
Arm	7	3	17435	3722	0.171940658621409	0.389530796376986
AROS	1	1	17435	3722	0.213478634929739	0.389530796376986
Arv1	1	1	17435	3722	0.213478634929739	0.389530796376986
ASH	1	1	17435	3722	0.213478634929739	0.389530796376986
Ashwin	1	1	17435	3722	0.213478634929739	0.389530796376986
ATP_bind_1	3	2	17435	3722	0.117245046530394	0.389530796376986
ATP_Ca_trans_C	1	1	17435	3722	0.213478634929739	0.389530796376986
Auts2	1	1	17435	3722	0.213478634929739	0.389530796376986
Axin_b-cat_bind	1	1	17435	3722	0.213478634929739	0.389530796376986
BAF250_C	1	1	17435	3722	0.213478634929739	0.389530796376986
BAR_3	3	2	17435	3722	0.117245046530394	0.389530796376986
BCAS2	1	1	17435	3722	0.213478634929739	0.389530796376986
BCNT	1	1	17435	3722	0.213478634929739	0.389530796376986
BEN	12	5	17435	3722	0.0917566194648182	0.389530796376986
BET	1	1	17435	3722	0.213478634929739	0.389530796376986
Beta-Casp	4	2	17435	3722	0.201822038153072	0.389530796376986
Beta-TrCP_D	1	1	17435	3722	0.213478634929739	0.389530796376986
BHD_2	1	1	17435	3722	0.213478634929739	0.389530796376986
Bin3	2	2	17435	3722	0.0455634966487071	0.389530796376986
BING4CT	1	1	17435	3722	0.213478634929739	0.389530796376986
BIR	4	2	17435	3722	0.201822038153072	0.389530796376986
BNIP2	1	1	17435	3722	0.213478634929739	0.389530796376986
BOP1NT	1	1	17435	3722	0.213478634929739	0.389530796376986
BORA_N	1	1	17435	3722	0.213478634929739	0.389530796376986
Borealin	2	2	17435	3722	0.0455634966487071	0.389530796376986
BP28CT	1	1	17435	3722	0.213478634929739	0.389530796376986
BRCA-2_helical	1	1	17435	3722	0.213478634929739	0.389530796376986
BRCA-2_OB1	1	1	17435	3722	0.213478634929739	0.389530796376986
BRCA-2_OB3	1	1	17435	3722	0.213478634929739	0.389530796376986
BRCA2	1	1	17435	3722	0.213478634929739	0.389530796376986
BRD4_CDT	1	1	17435	3722	0.213478634929739	0.389530796376986
BTB	65	17	17435	3722	0.209987755519751	0.389530796376986
Bystin	1	1	17435	3722	0.213478634929739	0.389530796376986
C1_1	23	7	17435	3722	0.204073101228844	0.389530796376986
C1_4	1	1	17435	3722	0.213478634929739	0.389530796376986
C5-epim_C	1	1	17435	3722	0.213478634929739	0.389530796376986
CAAP1	1	1	17435	3722	0.213478634929739	0.389530796376986
CAF1	3	2	17435	3722	0.117245046530394	0.389530796376986
CAF1A	1	1	17435	3722	0.213478634929739	0.389530796376986
CAF1C_H4-bd	2	2	17435	3722	0.0455634966487071	0.389530796376986
CALM_bind	1	1	17435	3722	0.213478634929739	0.389530796376986
Carb_kinase	1	1	17435	3722	0.213478634929739	0.389530796376986
Cas1_AcylT	1	1	17435	3722	0.213478634929739	0.389530796376986
Cbl_N	1	1	17435	3722	0.213478634929739	0.389530796376986
Cbl_N2	1	1	17435	3722	0.213478634929739	0.389530796376986
Cbl_N3	1	1	17435	3722	0.213478634929739	0.389530796376986
CDC45	1	1	17435	3722	0.213478634929739	0.389530796376986
Cdc6_C	2	2	17435	3722	0.0455634966487071	0.389530796376986
CDV3	1	1	17435	3722	0.213478634929739	0.389530796376986
Chromo	11	4	17435	3722	0.192142569537644	0.389530796376986
Chromo_shadow	4	2	17435	3722	0.201822038153072	0.389530796376986
Cid2	1	1	17435	3722	0.213478634929739	0.389530796376986
Cir_N	3	2	17435	3722	0.117245046530394	0.389530796376986
CK1gamma_C	1	1	17435	3722	0.213478634929739	0.389530796376986
CLASP_N	4	2	17435	3722	0.201822038153072	0.389530796376986
Cmyb_C	1	1	17435	3722	0.213478634929739	0.389530796376986
Cnd1	2	2	17435	3722	0.0455634966487071	0.389530796376986
Cnd1_N	1	1	17435	3722	0.213478634929739	0.389530796376986
Cnd2	1	1	17435	3722	0.213478634929739	0.389530796376986
Cnd3	1	1	17435	3722	0.213478634929739	0.389530796376986
Codanin-1_C	1	1	17435	3722	0.213478634929739	0.389530796376986
COG7	1	1	17435	3722	0.213478634929739	0.389530796376986
Cohesin_HEAT	1	1	17435	3722	0.213478634929739	0.389530796376986
Coilin_N	1	1	17435	3722	0.213478634929739	0.389530796376986
COMPASS-Shg1	1	1	17435	3722	0.213478634929739	0.389530796376986
COPIIcoated_ERV	1	1	17435	3722	0.213478634929739	0.389530796376986
CortBP2	1	1	17435	3722	0.213478634929739	0.389530796376986
CPL	1	1	17435	3722	0.213478634929739	0.389530796376986
CPSase_L_D2	4	2	17435	3722	0.201822038153072	0.389530796376986
CPSase_L_D3	1	1	17435	3722	0.213478634929739	0.389530796376986
CPSase_sm_chain	1	1	17435	3722	0.213478634929739	0.389530796376986
CPSF_A	3	2	17435	3722	0.117245046530394	0.389530796376986
CPSF73-100_C	1	1	17435	3722	0.213478634929739	0.389530796376986
Creb_binding	1	1	17435	3722	0.213478634929739	0.389530796376986
CSD	4	2	17435	3722	0.201822038153072	0.389530796376986
CSRNP_N	1	1	17435	3722	0.213478634929739	0.389530796376986
CSTF_C	1	1	17435	3722	0.213478634929739	0.389530796376986
CSTF2_hinge	1	1	17435	3722	0.213478634929739	0.389530796376986
CTP_synth_N	1	1	17435	3722	0.213478634929739	0.389530796376986
CTU2	1	1	17435	3722	0.213478634929739	0.389530796376986
Cupin_4	1	1	17435	3722	0.213478634929739	0.389530796376986
CWC25	1	1	17435	3722	0.213478634929739	0.389530796376986
CwfJ_C_1	2	2	17435	3722	0.0455634966487071	0.389530796376986
CwfJ_C_2	2	2	17435	3722	0.0455634966487071	0.389530796376986
CytochromB561_N	1	1	17435	3722	0.213478634929739	0.389530796376986
D123	1	1	17435	3722	0.213478634929739	0.389530796376986
DAGAT	1	1	17435	3722	0.213478634929739	0.389530796376986
Dak2	1	1	17435	3722	0.213478634929739	0.389530796376986
DALR_2	1	1	17435	3722	0.213478634929739	0.389530796376986
DAZAP2	1	1	17435	3722	0.213478634929739	0.389530796376986
DBP10CT	1	1	17435	3722	0.213478634929739	0.389530796376986
DBR1	1	1	17435	3722	0.213478634929739	0.389530796376986
DCAF15_WD40	1	1	17435	3722	0.213478634929739	0.389530796376986
Dcc1	1	1	17435	3722	0.213478634929739	0.389530796376986
dCMP_cyt_deam_1	4	2	17435	3722	0.201822038153072	0.389530796376986
DCP1	1	1	17435	3722	0.213478634929739	0.389530796376986
DDT	3	2	17435	3722	0.117245046530394	0.389530796376986
DEAD_2	4	3	17435	3722	0.0326680549077153	0.389530796376986
Death_2	1	1	17435	3722	0.213478634929739	0.389530796376986
DEK_C	3	2	17435	3722	0.117245046530394	0.389530796376986
Det1	1	1	17435	3722	0.213478634929739	0.389530796376986
DFP	1	1	17435	3722	0.213478634929739	0.389530796376986
DGCR6	1	1	17435	3722	0.213478634929739	0.389530796376986
DHFR_1	1	1	17435	3722	0.213478634929739	0.389530796376986
DHHA1	1	1	17435	3722	0.213478634929739	0.389530796376986
DKCLD	1	1	17435	3722	0.213478634929739	0.389530796376986
DMAP1	1	1	17435	3722	0.213478634929739	0.389530796376986
DNA_gyraseB	1	1	17435	3722	0.213478634929739	0.389530796376986
DNA_methylase	1	1	17435	3722	0.213478634929739	0.389530796376986
DNA_mis_repair	2	2	17435	3722	0.0455634966487071	0.389530796376986
DNA_pol_A	2	2	17435	3722	0.0455634966487071	0.389530796376986
DNA_pol_A_exo1	7	3	17435	3722	0.171940658621409	0.389530796376986
DNA_pol_alpha_N	1	1	17435	3722	0.213478634929739	0.389530796376986
DNA_pol_B	4	3	17435	3722	0.0326680549077153	0.389530796376986
DNA_pol_B_exo1	4	3	17435	3722	0.0326680549077153	0.389530796376986
DNA_pol_E_B	6	3	17435	3722	0.116096261947512	0.389530796376986
DNA_pol_phi	1	1	17435	3722	0.213478634929739	0.389530796376986
DNA_primase_lrg	1	1	17435	3722	0.213478634929739	0.389530796376986
DNA_primase_S	1	1	17435	3722	0.213478634929739	0.389530796376986
DNA_topoisoIV	1	1	17435	3722	0.213478634929739	0.389530796376986
Dna2	1	1	17435	3722	0.213478634929739	0.389530796376986
DNase_II	1	1	17435	3722	0.213478634929739	0.389530796376986
DND1_DSRM	1	1	17435	3722	0.213478634929739	0.389530796376986
DOT1	1	1	17435	3722	0.213478634929739	0.389530796376986
DP	1	1	17435	3722	0.213478634929739	0.389530796376986
DPCD	1	1	17435	3722	0.213478634929739	0.389530796376986
Dpoe2NT	1	1	17435	3722	0.213478634929739	0.389530796376986
Drc1-Sld2	1	1	17435	3722	0.213478634929739	0.389530796376986
DRIM	1	1	17435	3722	0.213478634929739	0.389530796376986
DS	1	1	17435	3722	0.213478634929739	0.389530796376986
DSPc	13	5	17435	3722	0.123889572662095	0.389530796376986
DSPn	1	1	17435	3722	0.213478634929739	0.389530796376986
DUF1487	1	1	17435	3722	0.213478634929739	0.389530796376986
DUF1604	1	1	17435	3722	0.213478634929739	0.389530796376986
DUF1647	1	1	17435	3722	0.213478634929739	0.389530796376986
DUF1726	1	1	17435	3722	0.213478634929739	0.389530796376986
DUF1777	1	1	17435	3722	0.213478634929739	0.389530796376986
DUF2013	1	1	17435	3722	0.213478634929739	0.389530796376986
DUF2039	1	1	17435	3722	0.213478634929739	0.389530796376986
DUF2040	1	1	17435	3722	0.213478634929739	0.389530796376986
DUF2052	1	1	17435	3722	0.213478634929739	0.389530796376986
DUF2368	1	1	17435	3722	0.213478634929739	0.389530796376986
DUF2428	1	1	17435	3722	0.213478634929739	0.389530796376986
DUF2462	1	1	17435	3722	0.213478634929739	0.389530796376986
DUF2756	1	1	17435	3722	0.213478634929739	0.389530796376986
DUF3338	1	1	17435	3722	0.213478634929739	0.389530796376986
DUF3361	1	1	17435	3722	0.213478634929739	0.389530796376986
DUF3381	1	1	17435	3722	0.213478634929739	0.389530796376986
DUF3512	1	1	17435	3722	0.213478634929739	0.389530796376986
DUF3523	1	1	17435	3722	0.213478634929739	0.389530796376986
DUF3524	1	1	17435	3722	0.213478634929739	0.389530796376986
DUF3668	1	1	17435	3722	0.213478634929739	0.389530796376986
DUF3736	1	1	17435	3722	0.213478634929739	0.389530796376986
DUF3752	1	1	17435	3722	0.213478634929739	0.389530796376986
DUF383	1	1	17435	3722	0.213478634929739	0.389530796376986
DUF384	1	1	17435	3722	0.213478634929739	0.389530796376986
DUF4200	1	1	17435	3722	0.213478634929739	0.389530796376986
DUF4209	1	1	17435	3722	0.213478634929739	0.389530796376986
DUF4371	3	2	17435	3722	0.117245046530394	0.389530796376986
DUF4414	1	1	17435	3722	0.213478634929739	0.389530796376986
DUF4477	1	1	17435	3722	0.213478634929739	0.389530796376986
DUF4505	1	1	17435	3722	0.213478634929739	0.389530796376986
DUF4506	1	1	17435	3722	0.213478634929739	0.389530796376986
DUF4518	1	1	17435	3722	0.213478634929739	0.389530796376986
DUF4604	1	1	17435	3722	0.213478634929739	0.389530796376986
DUF4796	1	1	17435	3722	0.213478634929739	0.389530796376986
DUF4799	1	1	17435	3722	0.213478634929739	0.389530796376986
DUF4801	1	1	17435	3722	0.213478634929739	0.389530796376986
DUF4807	1	1	17435	3722	0.213478634929739	0.389530796376986
DUF4820	1	1	17435	3722	0.213478634929739	0.389530796376986
DUF4976	1	1	17435	3722	0.213478634929739	0.389530796376986
DUF647	1	1	17435	3722	0.213478634929739	0.389530796376986
DUF812	1	1	17435	3722	0.213478634929739	0.389530796376986
DUF872	1	1	17435	3722	0.213478634929739	0.389530796376986
DUF902	1	1	17435	3722	0.213478634929739	0.389530796376986
DuoxA	1	1	17435	3722	0.213478634929739	0.389530796376986
dUTPase	1	1	17435	3722	0.213478634929739	0.389530796376986
DWNN	1	1	17435	3722	0.213478634929739	0.389530796376986
Dymeclin	1	1	17435	3722	0.213478634929739	0.389530796376986
Dzip-like_N	1	1	17435	3722	0.213478634929739	0.389530796376986
E2F_CC-MB	1	1	17435	3722	0.213478634929739	0.389530796376986
E3_binding	1	1	17435	3722	0.213478634929739	0.389530796376986
E3_UbLigase_EDD	1	1	17435	3722	0.213478634929739	0.389530796376986
Eaf7	1	1	17435	3722	0.213478634929739	0.389530796376986
EFTUD2	1	1	17435	3722	0.213478634929739	0.389530796376986
EHN	2	2	17435	3722	0.0455634966487071	0.389530796376986
eIF-6	1	1	17435	3722	0.213478634929739	0.389530796376986
ELL	1	1	17435	3722	0.213478634929739	0.389530796376986
ELM2	5	3	17435	3722	0.0687676944965356	0.389530796376986
ELYS	1	1	17435	3722	0.213478634929739	0.389530796376986
ELYS-bb	1	1	17435	3722	0.213478634929739	0.389530796376986
EMG1	1	1	17435	3722	0.213478634929739	0.389530796376986
ENT	1	1	17435	3722	0.213478634929739	0.389530796376986
EPL1	3	2	17435	3722	0.117245046530394	0.389530796376986
ERCC3_RAD25_C	1	1	17435	3722	0.213478634929739	0.389530796376986
ERGIC_N	1	1	17435	3722	0.213478634929739	0.389530796376986
ERK-JNK_inhib	1	1	17435	3722	0.213478634929739	0.389530796376986
Erv26	1	1	17435	3722	0.213478634929739	0.389530796376986
F_actin_bind	1	1	17435	3722	0.213478634929739	0.389530796376986
FAM117	1	1	17435	3722	0.213478634929739	0.389530796376986
FancD2	1	1	17435	3722	0.213478634929739	0.389530796376986
FANCL_C	1	1	17435	3722	0.213478634929739	0.389530796376986
Fanconi_A_N	1	1	17435	3722	0.213478634929739	0.389530796376986
FAR1	1	1	17435	3722	0.213478634929739	0.389530796376986
FAT	7	3	17435	3722	0.171940658621409	0.389530796376986
FATC	6	3	17435	3722	0.116096261947512	0.389530796376986
Fcf1	2	2	17435	3722	0.0455634966487071	0.389530796376986
Fcf2	1	1	17435	3722	0.213478634929739	0.389530796376986
FHA	18	8	17435	3722	0.0237484078601638	0.389530796376986
Fibrillarin	1	1	17435	3722	0.213478634929739	0.389530796376986
Fic	1	1	17435	3722	0.213478634929739	0.389530796376986
FimP	1	1	17435	3722	0.213478634929739	0.389530796376986
fn3_4	1	1	17435	3722	0.213478634929739	0.389530796376986
FragX_IP	1	1	17435	3722	0.213478634929739	0.389530796376986
FXMRP1_C_core	1	1	17435	3722	0.213478634929739	0.389530796376986
G-patch_2	1	1	17435	3722	0.213478634929739	0.389530796376986
GABP-alpha	1	1	17435	3722	0.213478634929739	0.389530796376986
GAGA	1	1	17435	3722	0.213478634929739	0.389530796376986
GAIN	2	2	17435	3722	0.0455634966487071	0.389530796376986
Gate	1	1	17435	3722	0.213478634929739	0.389530796376986
Gcd10p	1	1	17435	3722	0.213478634929739	0.389530796376986
GCD14	1	1	17435	3722	0.213478634929739	0.389530796376986
GCOM2	1	1	17435	3722	0.213478634929739	0.389530796376986
Geminin	1	1	17435	3722	0.213478634929739	0.389530796376986
GKAP	2	2	17435	3722	0.0455634966487071	0.389530796376986
GLE1	1	1	17435	3722	0.213478634929739	0.389530796376986
Glyco_transf_43	4	2	17435	3722	0.201822038153072	0.389530796376986
Glyco_transf_7C	4	2	17435	3722	0.201822038153072	0.389530796376986
Glyco_transf_7N	3	2	17435	3722	0.117245046530394	0.389530796376986
GMP_synt_C	1	1	17435	3722	0.213478634929739	0.389530796376986
GN3L_Grn1	1	1	17435	3722	0.213478634929739	0.389530796376986
GNAT_acetyltr_2	1	1	17435	3722	0.213478634929739	0.389530796376986
GNT-I	1	1	17435	3722	0.213478634929739	0.389530796376986
GRAM	8	4	17435	3722	0.0694428421189012	0.389530796376986
GTP_EFTU	19	7	17435	3722	0.0905363774437352	0.389530796376986
GTP_EFTU_D2	10	5	17435	3722	0.0424967460585909	0.389530796376986
GTP_EFTU_D3	7	3	17435	3722	0.171940658621409	0.389530796376986
HARP	1	1	17435	3722	0.213478634929739	0.389530796376986
HAT_KAT11	1	1	17435	3722	0.213478634929739	0.389530796376986
Hat1_N	1	1	17435	3722	0.213478634929739	0.389530796376986
HATPase_c_3	4	3	17435	3722	0.0326680549077153	0.389530796376986
HAUS-augmin3	1	1	17435	3722	0.213478634929739	0.389530796376986
HAUS6_N	1	1	17435	3722	0.213478634929739	0.389530796376986
Helicase_C_3	1	1	17435	3722	0.213478634929739	0.389530796376986
Helicase_C_4	1	1	17435	3722	0.213478634929739	0.389530796376986
Helicase_RecD	1	1	17435	3722	0.213478634929739	0.389530796376986
HHH	1	1	17435	3722	0.213478634929739	0.389530796376986
HHH_3	1	1	17435	3722	0.213478634929739	0.389530796376986
HHH_5	1	1	17435	3722	0.213478634929739	0.389530796376986
HhH-GPD	3	2	17435	3722	0.117245046530394	0.389530796376986
HMG_box_2	3	2	17435	3722	0.117245046530394	0.389530796376986
HORMA	2	2	17435	3722	0.0455634966487071	0.389530796376986
HSL_N	1	1	17435	3722	0.213478634929739	0.389530796376986
HTH_23	2	2	17435	3722	0.0455634966487071	0.389530796376986
HTH_33	2	2	17435	3722	0.0455634966487071	0.389530796376986
HTH_40	2	2	17435	3722	0.0455634966487071	0.389530796376986
HUN	1	1	17435	3722	0.213478634929739	0.389530796376986
Hus1	1	1	17435	3722	0.213478634929739	0.389530796376986
HVSL	1	1	17435	3722	0.213478634929739	0.389530796376986
HyaE	1	1	17435	3722	0.213478634929739	0.389530796376986
HYLS1_C	1	1	17435	3722	0.213478634929739	0.389530796376986
IBR	7	3	17435	3722	0.171940658621409	0.389530796376986
Ima1_N	1	1	17435	3722	0.213478634929739	0.389530796376986
IML1	1	1	17435	3722	0.213478634929739	0.389530796376986
IMS_HHH	1	1	17435	3722	0.213478634929739	0.389530796376986
Indigoidine_A	1	1	17435	3722	0.213478634929739	0.389530796376986
INPP5B_PH	1	1	17435	3722	0.213478634929739	0.389530796376986
INT_SG_DDX_CT_C	1	1	17435	3722	0.213478634929739	0.389530796376986
Ints3	1	1	17435	3722	0.213478634929739	0.389530796376986
Ipi1_N	2	2	17435	3722	0.0455634966487071	0.389530796376986
IPPT	1	1	17435	3722	0.213478634929739	0.389530796376986
Katanin_con80	1	1	17435	3722	0.213478634929739	0.389530796376986
Kelch_3	4	2	17435	3722	0.201822038153072	0.389530796376986
KH_1	22	9	17435	3722	0.0299951096110905	0.389530796376986
KH_6	2	2	17435	3722	0.0455634966487071	0.389530796376986
KIND	1	1	17435	3722	0.213478634929739	0.389530796376986
KIX	1	1	17435	3722	0.213478634929739	0.389530796376986
KSR1-SAM	1	1	17435	3722	0.213478634929739	0.389530796376986
La	5	3	17435	3722	0.0687676944965356	0.389530796376986
Lactamase_B_4	1	1	17435	3722	0.213478634929739	0.389530796376986
LANC_like	1	1	17435	3722	0.213478634929739	0.389530796376986
Laps	1	1	17435	3722	0.213478634929739	0.389530796376986
Las1	1	1	17435	3722	0.213478634929739	0.389530796376986
LCAT	1	1	17435	3722	0.213478634929739	0.389530796376986
LEDGF	1	1	17435	3722	0.213478634929739	0.389530796376986
LEM	3	2	17435	3722	0.117245046530394	0.389530796376986
LIM_bind	1	1	17435	3722	0.213478634929739	0.389530796376986
LIN37	2	2	17435	3722	0.0455634966487071	0.389530796376986
LIN52	1	1	17435	3722	0.213478634929739	0.389530796376986
LINES_C	1	1	17435	3722	0.213478634929739	0.389530796376986
LINES_N	1	1	17435	3722	0.213478634929739	0.389530796376986
Lon_C	1	1	17435	3722	0.213478634929739	0.389530796376986
Lsm_interact	1	1	17435	3722	0.213478634929739	0.389530796376986
LsmAD	1	1	17435	3722	0.213478634929739	0.389530796376986
LTD	1	1	17435	3722	0.213478634929739	0.389530796376986
LysM	3	2	17435	3722	0.117245046530394	0.389530796376986
MACPF	1	1	17435	3722	0.213478634929739	0.389530796376986
MAD	1	1	17435	3722	0.213478634929739	0.389530796376986
Maelstrom	2	2	17435	3722	0.0455634966487071	0.389530796376986
Maf	1	1	17435	3722	0.213478634929739	0.389530796376986
MAGE	1	1	17435	3722	0.213478634929739	0.389530796376986
Mak16	1	1	17435	3722	0.213478634929739	0.389530796376986
Malate_synthase	1	1	17435	3722	0.213478634929739	0.389530796376986
Malectin	1	1	17435	3722	0.213478634929739	0.389530796376986
MamL-1	1	1	17435	3722	0.213478634929739	0.389530796376986
MAP65_ASE1	1	1	17435	3722	0.213478634929739	0.389530796376986
MBOAT	8	4	17435	3722	0.0694428421189012	0.389530796376986
Mcl1_mid	1	1	17435	3722	0.213478634929739	0.389530796376986
MCM_bind	1	1	17435	3722	0.213478634929739	0.389530796376986
Mcm10	2	2	17435	3722	0.0455634966487071	0.389530796376986
MCM3AP_GANP	1	1	17435	3722	0.213478634929739	0.389530796376986
Med18	1	1	17435	3722	0.213478634929739	0.389530796376986
Med20	1	1	17435	3722	0.213478634929739	0.389530796376986
Med29	1	1	17435	3722	0.213478634929739	0.389530796376986
Med30	1	1	17435	3722	0.213478634929739	0.389530796376986
Med6	1	1	17435	3722	0.213478634929739	0.389530796376986
Met_10	1	1	17435	3722	0.213478634929739	0.389530796376986
Metallophos	28	9	17435	3722	0.124168079657885	0.389530796376986
Methyltr_RsmF_N	1	1	17435	3722	0.213478634929739	0.389530796376986
Methyltransf_10	1	1	17435	3722	0.213478634929739	0.389530796376986
Methyltransf_23	4	3	17435	3722	0.0326680549077153	0.389530796376986
Methyltransf_25	6	4	17435	3722	0.0214391270455589	0.389530796376986
Methyltransf_8	1	1	17435	3722	0.213478634929739	0.389530796376986
MgsA_C	1	1	17435	3722	0.213478634929739	0.389530796376986
Misat_Tub_SegII	1	1	17435	3722	0.213478634929739	0.389530796376986
mit_SMPDase	1	1	17435	3722	0.213478634929739	0.389530796376986
Mito_morph_reg	1	1	17435	3722	0.213478634929739	0.389530796376986
MKLP1_Arf_bdg	1	1	17435	3722	0.213478634929739	0.389530796376986
Mlh1_C	1	1	17435	3722	0.213478634929739	0.389530796376986
Mmp37	1	1	17435	3722	0.213478634929739	0.389530796376986
MMR_HSR1	20	8	17435	3722	0.0456766539212649	0.389530796376986
MMS1_N	3	2	17435	3722	0.117245046530394	0.389530796376986
MMS22L_C	1	1	17435	3722	0.213478634929739	0.389530796376986
MMS22L_N	1	1	17435	3722	0.213478634929739	0.389530796376986
MnmE_helical	1	1	17435	3722	0.213478634929739	0.389530796376986
MNNL	1	1	17435	3722	0.213478634929739	0.389530796376986
Mo-co_dimer	1	1	17435	3722	0.213478634929739	0.389530796376986
MoCF_biosynth	1	1	17435	3722	0.213478634929739	0.389530796376986
MoeA_C	1	1	17435	3722	0.213478634929739	0.389530796376986
MoeA_N	1	1	17435	3722	0.213478634929739	0.389530796376986
MPLKIP	1	1	17435	3722	0.213478634929739	0.389530796376986
Mpp10	1	1	17435	3722	0.213478634929739	0.389530796376986
Mre11_DNA_bind	1	1	17435	3722	0.213478634929739	0.389530796376986
mRNA_cap_C	1	1	17435	3722	0.213478634929739	0.389530796376986
mRNA_cap_enzyme	1	1	17435	3722	0.213478634929739	0.389530796376986
mRNA_decap_C	1	1	17435	3722	0.213478634929739	0.389530796376986
MRNIP	1	1	17435	3722	0.213478634929739	0.389530796376986
MSL2-CXC	1	1	17435	3722	0.213478634929739	0.389530796376986
MTA_R1	1	1	17435	3722	0.213478634929739	0.389530796376986
Mtf2_C	1	1	17435	3722	0.213478634929739	0.389530796376986
Mur_ligase_M	1	1	17435	3722	0.213478634929739	0.389530796376986
Muskelin_N	1	1	17435	3722	0.213478634929739	0.389530796376986
MutL_C	1	1	17435	3722	0.213478634929739	0.389530796376986
MutS_I	2	2	17435	3722	0.0455634966487071	0.389530796376986
Myb_DNA-bind_6	4	2	17435	3722	0.201822038153072	0.389530796376986
Myb_DNA-binding	9	4	17435	3722	0.104440432485374	0.389530796376986
Myotub-related	7	4	17435	3722	0.0416370663823175	0.389530796376986
NARG2_C	1	1	17435	3722	0.213478634929739	0.389530796376986
NARP1	1	1	17435	3722	0.213478634929739	0.389530796376986
NatB_MDM20	1	1	17435	3722	0.213478634929739	0.389530796376986
Ndc80_HEC	1	1	17435	3722	0.213478634929739	0.389530796376986
NFRKB_winged	1	1	17435	3722	0.213478634929739	0.389530796376986
NGP1NT	1	1	17435	3722	0.213478634929739	0.389530796376986
NHL	8	4	17435	3722	0.0694428421189012	0.389530796376986
Nic96	1	1	17435	3722	0.213478634929739	0.389530796376986
Nipped-B_C	1	1	17435	3722	0.213478634929739	0.389530796376986
NKAIN	1	1	17435	3722	0.213478634929739	0.389530796376986
NLE	2	2	17435	3722	0.0455634966487071	0.389530796376986
NMD3	1	1	17435	3722	0.213478634929739	0.389530796376986
NOB1_Zn_bind	1	1	17435	3722	0.213478634929739	0.389530796376986
Noc2	1	1	17435	3722	0.213478634929739	0.389530796376986
NOC3p	1	1	17435	3722	0.213478634929739	0.389530796376986
NOG1	1	1	17435	3722	0.213478634929739	0.389530796376986
NOGCT	1	1	17435	3722	0.213478634929739	0.389530796376986
Nop	3	2	17435	3722	0.117245046530394	0.389530796376986
Nop14	2	2	17435	3722	0.0455634966487071	0.389530796376986
Nop16	1	1	17435	3722	0.213478634929739	0.389530796376986
Nop25	1	1	17435	3722	0.213478634929739	0.389530796376986
Nop52	1	1	17435	3722	0.213478634929739	0.389530796376986
NOP5NT	2	2	17435	3722	0.0455634966487071	0.389530796376986
NopRA1	1	1	17435	3722	0.213478634929739	0.389530796376986
NOPS	1	1	17435	3722	0.213478634929739	0.389530796376986
NosD	1	1	17435	3722	0.213478634929739	0.389530796376986
Npa1	1	1	17435	3722	0.213478634929739	0.389530796376986
NPR2	1	1	17435	3722	0.213478634929739	0.389530796376986
NPR3	1	1	17435	3722	0.213478634929739	0.389530796376986
Nrap	1	1	17435	3722	0.213478634929739	0.389530796376986
Nrap_D2	1	1	17435	3722	0.213478634929739	0.389530796376986
Nrap_D3	1	1	17435	3722	0.213478634929739	0.389530796376986
Nrap_D4	1	1	17435	3722	0.213478634929739	0.389530796376986
Nrap_D5	1	1	17435	3722	0.213478634929739	0.389530796376986
Nrap_D6	1	1	17435	3722	0.213478634929739	0.389530796376986
NRDE-2	1	1	17435	3722	0.213478634929739	0.389530796376986
Nt_Gln_amidase	1	1	17435	3722	0.213478634929739	0.389530796376986
NtCtMGAM_N	1	1	17435	3722	0.213478634929739	0.389530796376986
NTP_transf_7	1	1	17435	3722	0.213478634929739	0.389530796376986
NUC130_3NT	1	1	17435	3722	0.213478634929739	0.389530796376986
NUC153	2	2	17435	3722	0.0455634966487071	0.389530796376986
NUC173	1	1	17435	3722	0.213478634929739	0.389530796376986
NUC194	1	1	17435	3722	0.213478634929739	0.389530796376986
Nucleic_acid_bd	1	1	17435	3722	0.213478634929739	0.389530796376986
Nucleolin_bd	1	1	17435	3722	0.213478634929739	0.389530796376986
Nucleoplasmin	1	1	17435	3722	0.213478634929739	0.389530796376986
Nucleopor_Nup85	1	1	17435	3722	0.213478634929739	0.389530796376986
Nucleoporin_C	2	2	17435	3722	0.0455634966487071	0.389530796376986
Nucleoporin_FG2	1	1	17435	3722	0.213478634929739	0.389530796376986
Nucleoporin_N	2	2	17435	3722	0.0455634966487071	0.389530796376986
Nucleos_tra2_C	1	1	17435	3722	0.213478634929739	0.389530796376986
Nucleos_tra2_N	1	1	17435	3722	0.213478634929739	0.389530796376986
Nuf2	1	1	17435	3722	0.213478634929739	0.389530796376986
NUFIP1	1	1	17435	3722	0.213478634929739	0.389530796376986
Nup160	1	1	17435	3722	0.213478634929739	0.389530796376986
Nup188	1	1	17435	3722	0.213478634929739	0.389530796376986
Nup35_RRM	1	1	17435	3722	0.213478634929739	0.389530796376986
Nup35_RRM_2	1	1	17435	3722	0.213478634929739	0.389530796376986
NUP50	1	1	17435	3722	0.213478634929739	0.389530796376986
OB_NTP_bind	13	6	17435	3722	0.0403438943491758	0.389530796376986
Occludin_ELL	1	1	17435	3722	0.213478634929739	0.389530796376986
OCD_Mu_crystall	1	1	17435	3722	0.213478634929739	0.389530796376986
OMPdecase	1	1	17435	3722	0.213478634929739	0.389530796376986
ORC2	1	1	17435	3722	0.213478634929739	0.389530796376986
ORC3_N	1	1	17435	3722	0.213478634929739	0.389530796376986
ORC4_C	1	1	17435	3722	0.213478634929739	0.389530796376986
OSK	1	1	17435	3722	0.213478634929739	0.389530796376986
OST-HTH	2	2	17435	3722	0.0455634966487071	0.389530796376986
OTCace	1	1	17435	3722	0.213478634929739	0.389530796376986
OTCace_N	1	1	17435	3722	0.213478634929739	0.389530796376986
Oxidored_molyb	1	1	17435	3722	0.213478634929739	0.389530796376986
PADR1	1	1	17435	3722	0.213478634929739	0.389530796376986
PAH	2	2	17435	3722	0.0455634966487071	0.389530796376986
PAPA-1	1	1	17435	3722	0.213478634929739	0.389530796376986
PARP_reg	1	1	17435	3722	0.213478634929739	0.389530796376986
PAS_3	4	2	17435	3722	0.201822038153072	0.389530796376986
PAZ	11	4	17435	3722	0.192142569537644	0.389530796376986
PB1	1	1	17435	3722	0.213478634929739	0.389530796376986
PBD	4	3	17435	3722	0.0326680549077153	0.389530796376986
PC4	1	1	17435	3722	0.213478634929739	0.389530796376986
PCIF1_WW	1	1	17435	3722	0.213478634929739	0.389530796376986
PDDEXK_1	1	1	17435	3722	0.213478634929739	0.389530796376986
PEHE	1	1	17435	3722	0.213478634929739	0.389530796376986
Peptidase_C14	10	4	17435	3722	0.145736223436563	0.389530796376986
Peptidase_C48	7	3	17435	3722	0.171940658621409	0.389530796376986
Peptidase_C50	1	1	17435	3722	0.213478634929739	0.389530796376986
Peptidase_C78	3	2	17435	3722	0.117245046530394	0.389530796376986
Peptidase_M50	1	1	17435	3722	0.213478634929739	0.389530796376986
Perilipin	2	2	17435	3722	0.0455634966487071	0.389530796376986
Pescadillo_N	1	1	17435	3722	0.213478634929739	0.389530796376986
PH_12	1	1	17435	3722	0.213478634929739	0.389530796376986
PH_13	1	1	17435	3722	0.213478634929739	0.389530796376986
PHAT	1	1	17435	3722	0.213478634929739	0.389530796376986
PHD	22	9	17435	3722	0.0299951096110905	0.389530796376986
PHD_4	2	2	17435	3722	0.0455634966487071	0.389530796376986
Phe_ZIP	1	1	17435	3722	0.213478634929739	0.389530796376986
PHTB1_C	1	1	17435	3722	0.213478634929739	0.389530796376986
PHTB1_N	1	1	17435	3722	0.213478634929739	0.389530796376986
PI3_PI4_kinase	14	5	17435	3722	0.160401311373002	0.389530796376986
PI3K_P85_iSH2	1	1	17435	3722	0.213478634929739	0.389530796376986
PIG-F	1	1	17435	3722	0.213478634929739	0.389530796376986
PigN	1	1	17435	3722	0.213478634929739	0.389530796376986
PIN_4	4	2	17435	3722	0.201822038153072	0.389530796376986
PIN_6	1	1	17435	3722	0.213478634929739	0.389530796376986
Pinin_SDK_memA	1	1	17435	3722	0.213478634929739	0.389530796376986
Pinin_SDK_N	1	1	17435	3722	0.213478634929739	0.389530796376986
PKI	1	1	17435	3722	0.213478634929739	0.389530796376986
Pkinase_C	9	4	17435	3722	0.104440432485374	0.389530796376986
PKK	1	1	17435	3722	0.213478634929739	0.389530796376986
Plant_tran	1	1	17435	3722	0.213478634929739	0.389530796376986
PLU-1	1	1	17435	3722	0.213478634929739	0.389530796376986
PMC2NT	1	1	17435	3722	0.213478634929739	0.389530796376986
PNK3P	1	1	17435	3722	0.213478634929739	0.389530796376986
POLO_box	1	1	17435	3722	0.213478634929739	0.389530796376986
PolyA_pol	1	1	17435	3722	0.213478634929739	0.389530796376986
PolyA_pol_RNAbd	1	1	17435	3722	0.213478634929739	0.389530796376986
Polysacc_synt_4	1	1	17435	3722	0.213478634929739	0.389530796376986
POP1	1	1	17435	3722	0.213478634929739	0.389530796376986
POPLD	1	1	17435	3722	0.213478634929739	0.389530796376986
PP2C	12	5	17435	3722	0.0917566194648182	0.389530796376986
PP2C_C	1	1	17435	3722	0.213478634929739	0.389530796376986
PPP1R35_C	1	1	17435	3722	0.213478634929739	0.389530796376986
PPP4R2	1	1	17435	3722	0.213478634929739	0.389530796376986
PPP5	1	1	17435	3722	0.213478634929739	0.389530796376986
PRAS	1	1	17435	3722	0.213478634929739	0.389530796376986
PRCC	1	1	17435	3722	0.213478634929739	0.389530796376986
Pre-SET	2	2	17435	3722	0.0455634966487071	0.389530796376986
Prenyltransf	1	1	17435	3722	0.213478634929739	0.389530796376986
PRMT5	1	1	17435	3722	0.213478634929739	0.389530796376986
PRMT5_C	1	1	17435	3722	0.213478634929739	0.389530796376986
Pro_CA	1	1	17435	3722	0.213478634929739	0.389530796376986
Prok-RING_4	1	1	17435	3722	0.213478634929739	0.389530796376986
ProRS-C_1	1	1	17435	3722	0.213478634929739	0.389530796376986
PRP1_N	1	1	17435	3722	0.213478634929739	0.389530796376986
Prp19	1	1	17435	3722	0.213478634929739	0.389530796376986
PseudoU_synth_1	3	2	17435	3722	0.117245046530394	0.389530796376986
PTH2	3	2	17435	3722	0.117245046530394	0.389530796376986
PTPS	1	1	17435	3722	0.213478634929739	0.389530796376986
PTR2	2	2	17435	3722	0.0455634966487071	0.389530796376986
PUF	1	1	17435	3722	0.213478634929739	0.389530796376986
PWI	3	2	17435	3722	0.117245046530394	0.389530796376986
PWWP	14	6	17435	3722	0.0581684429824624	0.389530796376986
PX	18	7	17435	3722	0.0695277740991026	0.389530796376986
Pyrid_oxidase_2	1	1	17435	3722	0.213478634929739	0.389530796376986
Rad17	1	1	17435	3722	0.213478634929739	0.389530796376986
Rad50_zn_hook	2	2	17435	3722	0.0455634966487071	0.389530796376986
Rad60-SLD	2	2	17435	3722	0.0455634966487071	0.389530796376986
Rad60-SLD_2	1	1	17435	3722	0.213478634929739	0.389530796376986
Rad9	1	1	17435	3722	0.213478634929739	0.389530796376986
RAI1	1	1	17435	3722	0.213478634929739	0.389530796376986
Ran_BP1	3	2	17435	3722	0.117245046530394	0.389530796376986
RanGAP1_C	1	1	17435	3722	0.213478634929739	0.389530796376986
RasGEF_N_2	1	1	17435	3722	0.213478634929739	0.389530796376986
RAWUL	4	2	17435	3722	0.201822038153072	0.389530796376986
Rbsn	1	1	17435	3722	0.213478634929739	0.389530796376986
Rep_fac_C	5	3	17435	3722	0.0687676944965356	0.389530796376986
Rep_fac-A_3	1	1	17435	3722	0.213478634929739	0.389530796376986
REV1_C	1	1	17435	3722	0.213478634929739	0.389530796376986
RFC1	1	1	17435	3722	0.213478634929739	0.389530796376986
Rft-1	1	1	17435	3722	0.213478634929739	0.389530796376986
RFX_DNA_binding	2	2	17435	3722	0.0455634966487071	0.389530796376986
RGS-like	1	1	17435	3722	0.213478634929739	0.389530796376986
RhoGAP	24	10	17435	3722	0.019696659698615	0.389530796376986
RhoGEF	27	8	17435	3722	0.202790177349067	0.389530796376986
RIBIOP_C	2	2	17435	3722	0.0455634966487071	0.389530796376986
Ribonucleas_3_3	1	1	17435	3722	0.213478634929739	0.389530796376986
Ribonuclease_3	3	2	17435	3722	0.117245046530394	0.389530796376986
RICTOR_M	1	1	17435	3722	0.213478634929739	0.389530796376986
RICTOR_N	1	1	17435	3722	0.213478634929739	0.389530796376986
RICTOR_V	1	1	17435	3722	0.213478634929739	0.389530796376986
RIO1	3	2	17435	3722	0.117245046530394	0.389530796376986
Rio2_N	1	1	17435	3722	0.213478634929739	0.389530796376986
RMI1_C	1	1	17435	3722	0.213478634929739	0.389530796376986
RNA_pol_A_bac	2	2	17435	3722	0.0455634966487071	0.389530796376986
RNA_pol_I_A49	1	1	17435	3722	0.213478634929739	0.389530796376986
RNA_pol_L	2	2	17435	3722	0.0455634966487071	0.389530796376986
RNA_pol_Rbc25	1	1	17435	3722	0.213478634929739	0.389530796376986
RNA_pol_Rpa2_4	1	1	17435	3722	0.213478634929739	0.389530796376986
RNA_pol_Rpb2_1	3	2	17435	3722	0.117245046530394	0.389530796376986
RNA_pol_Rpb2_2	3	2	17435	3722	0.117245046530394	0.389530796376986
RNA_pol_Rpb2_3	4	2	17435	3722	0.201822038153072	0.389530796376986
RNA_pol_Rpb2_6	3	2	17435	3722	0.117245046530394	0.389530796376986
RNA_pol_Rpb2_7	3	2	17435	3722	0.117245046530394	0.389530796376986
RNA_pol_Rpb6	1	1	17435	3722	0.213478634929739	0.389530796376986
RNA_pol_Rpc34	1	1	17435	3722	0.213478634929739	0.389530796376986
RNA_pol_Rpc4	1	1	17435	3722	0.213478634929739	0.389530796376986
RNase_H2_suC	1	1	17435	3722	0.213478634929739	0.389530796376986
RNase_HII	1	1	17435	3722	0.213478634929739	0.389530796376986
RNase_P_p30	1	1	17435	3722	0.213478634929739	0.389530796376986
RNase_PH_C	4	3	17435	3722	0.0326680549077153	0.389530796376986
Rod_C	1	1	17435	3722	0.213478634929739	0.389530796376986
Rootletin	1	1	17435	3722	0.213478634929739	0.389530796376986
RPAP2_Rtr1	1	1	17435	3722	0.213478634929739	0.389530796376986
Rpr2	1	1	17435	3722	0.213478634929739	0.389530796376986
RQC	2	2	17435	3722	0.0455634966487071	0.389530796376986
RRM_1	129	35	17435	3722	0.069504334611698	0.389530796376986
RRM_3	2	2	17435	3722	0.0455634966487071	0.389530796376986
RRN3	1	1	17435	3722	0.213478634929739	0.389530796376986
Rrp15p	1	1	17435	3722	0.213478634929739	0.389530796376986
RRP36	1	1	17435	3722	0.213478634929739	0.389530796376986
Rrp44_CSD1	1	1	17435	3722	0.213478634929739	0.389530796376986
Rrp44_S1	1	1	17435	3722	0.213478634929739	0.389530796376986
RRP7	1	1	17435	3722	0.213478634929739	0.389530796376986
RRS1	1	1	17435	3722	0.213478634929739	0.389530796376986
RTP1_C1	1	1	17435	3722	0.213478634929739	0.389530796376986
RTP1_C2	1	1	17435	3722	0.213478634929739	0.389530796376986
RTTN_N	1	1	17435	3722	0.213478634929739	0.389530796376986
RuvB_N	1	1	17435	3722	0.213478634929739	0.389530796376986
RWD	7	3	17435	3722	0.171940658621409	0.389530796376986
SAC3_GANP	3	2	17435	3722	0.117245046530394	0.389530796376986
SAND	2	2	17435	3722	0.0455634966487071	0.389530796376986
SANT_DAMP1_like	1	1	17435	3722	0.213478634929739	0.389530796376986
SAP130_C	1	1	17435	3722	0.213478634929739	0.389530796376986
SAP30_Sin3_bdg	1	1	17435	3722	0.213478634929739	0.389530796376986
SAPS	1	1	17435	3722	0.213478634929739	0.389530796376986
SAS-6_N	1	1	17435	3722	0.213478634929739	0.389530796376986
Sas10	1	1	17435	3722	0.213478634929739	0.389530796376986
Sas10_Utp3	3	2	17435	3722	0.117245046530394	0.389530796376986
SCA7	1	1	17435	3722	0.213478634929739	0.389530796376986
SCAI	1	1	17435	3722	0.213478634929739	0.389530796376986
SCAPER_N	1	1	17435	3722	0.213478634929739	0.389530796376986
Scs3p	1	1	17435	3722	0.213478634929739	0.389530796376986
SDA1	1	1	17435	3722	0.213478634929739	0.389530796376986
Sec8_exocyst	1	1	17435	3722	0.213478634929739	0.389530796376986
SepSecS	1	1	17435	3722	0.213478634929739	0.389530796376986
Serendipity_A	1	1	17435	3722	0.213478634929739	0.389530796376986
SET	31	11	17435	3722	0.0500223491687377	0.389530796376986
SH2	29	11	17435	3722	0.0309426419713371	0.389530796376986
SHQ1	1	1	17435	3722	0.213478634929739	0.389530796376986
Shugoshin_C	1	1	17435	3722	0.213478634929739	0.389530796376986
Siah-Interact_N	1	1	17435	3722	0.213478634929739	0.389530796376986
Sin3_corepress	1	1	17435	3722	0.213478634929739	0.389530796376986
Sin3a_C	1	1	17435	3722	0.213478634929739	0.389530796376986
Sina	3	2	17435	3722	0.117245046530394	0.389530796376986
SIR2	4	2	17435	3722	0.201822038153072	0.389530796376986
SIX1_SD	4	2	17435	3722	0.201822038153072	0.389530796376986
SKA1	1	1	17435	3722	0.213478634929739	0.389530796376986
SKA2	1	1	17435	3722	0.213478634929739	0.389530796376986
SLBP_RNA_bind	1	1	17435	3722	0.213478634929739	0.389530796376986
Sld5	4	3	17435	3722	0.0326680549077153	0.389530796376986
SLD5_C	1	1	17435	3722	0.213478634929739	0.389530796376986
Slx4	1	1	17435	3722	0.213478634929739	0.389530796376986
SLX9	1	1	17435	3722	0.213478634929739	0.389530796376986
SM-ATX	1	1	17435	3722	0.213478634929739	0.389530796376986
SMC_hinge	4	2	17435	3722	0.201822038153072	0.389530796376986
SMC_N	6	4	17435	3722	0.0214391270455589	0.389530796376986
SMC_Nse1	2	2	17435	3722	0.0455634966487071	0.389530796376986
Smg8_Smg9	1	1	17435	3722	0.213478634929739	0.389530796376986
SNAPc_SNAP43	1	1	17435	3722	0.213478634929739	0.389530796376986
SNF5	1	1	17435	3722	0.213478634929739	0.389530796376986
SOAR	1	1	17435	3722	0.213478634929739	0.389530796376986
SOBP	1	1	17435	3722	0.213478634929739	0.389530796376986
SOXp	1	1	17435	3722	0.213478634929739	0.389530796376986
Spb1_C	1	1	17435	3722	0.213478634929739	0.389530796376986
Spot_14	1	1	17435	3722	0.213478634929739	0.389530796376986
SprT-like	3	2	17435	3722	0.117245046530394	0.389530796376986
Spt20	1	1	17435	3722	0.213478634929739	0.389530796376986
SRA1	1	1	17435	3722	0.213478634929739	0.389530796376986
SRAP	1	1	17435	3722	0.213478634929739	0.389530796376986
SRI	1	1	17435	3722	0.213478634929739	0.389530796376986
SSB	1	1	17435	3722	0.213478634929739	0.389530796376986
Ssl1	1	1	17435	3722	0.213478634929739	0.389530796376986
Stathmin	1	1	17435	3722	0.213478634929739	0.389530796376986
STIMATE	1	1	17435	3722	0.213478634929739	0.389530796376986
Striatin	1	1	17435	3722	0.213478634929739	0.389530796376986
Suf	1	1	17435	3722	0.213478634929739	0.389530796376986
Suppressor_APC	1	1	17435	3722	0.213478634929739	0.389530796376986
SURF6	1	1	17435	3722	0.213478634929739	0.389530796376986
SUV3_C	1	1	17435	3722	0.213478634929739	0.389530796376986
Swi3	1	1	17435	3722	0.213478634929739	0.389530796376986
TAF4	1	1	17435	3722	0.213478634929739	0.389530796376986
TAFII55_N	1	1	17435	3722	0.213478634929739	0.389530796376986
TAN	1	1	17435	3722	0.213478634929739	0.389530796376986
TBPIP	1	1	17435	3722	0.213478634929739	0.389530796376986
TCR	2	2	17435	3722	0.0455634966487071	0.389530796376986
Telomere_reg-2	1	1	17435	3722	0.213478634929739	0.389530796376986
Tex_N	1	1	17435	3722	0.213478634929739	0.389530796376986
Tex_YqgF	1	1	17435	3722	0.213478634929739	0.389530796376986
Tfb2	1	1	17435	3722	0.213478634929739	0.389530796376986
Tfb4	1	1	17435	3722	0.213478634929739	0.389530796376986
TFIIE_alpha	1	1	17435	3722	0.213478634929739	0.389530796376986
TFIIE-A_C	1	1	17435	3722	0.213478634929739	0.389530796376986
TFIIIC_delta	1	1	17435	3722	0.213478634929739	0.389530796376986
TGT	2	2	17435	3722	0.0455634966487071	0.389530796376986
Thg1	1	1	17435	3722	0.213478634929739	0.389530796376986
Thg1C	1	1	17435	3722	0.213478634929739	0.389530796376986
Thioredoxin_7	1	1	17435	3722	0.213478634929739	0.389530796376986
THUMP	1	1	17435	3722	0.213478634929739	0.389530796376986
Tim29	1	1	17435	3722	0.213478634929739	0.389530796376986
TIMELESS_C	1	1	17435	3722	0.213478634929739	0.389530796376986
Tma16	1	1	17435	3722	0.213478634929739	0.389530796376986
TMEM192	4	3	17435	3722	0.0326680549077153	0.389530796376986
Tmemb_cc2	1	1	17435	3722	0.213478634929739	0.389530796376986
Topo_C_assoc	1	1	17435	3722	0.213478634929739	0.389530796376986
Topoisom_bac	2	2	17435	3722	0.0455634966487071	0.389530796376986
Topoisom_I	1	1	17435	3722	0.213478634929739	0.389530796376986
Topoisom_I_N	1	1	17435	3722	0.213478634929739	0.389530796376986
TOPRIM_C	1	1	17435	3722	0.213478634929739	0.389530796376986
TPD	1	1	17435	3722	0.213478634929739	0.389530796376986
TPH	3	2	17435	3722	0.117245046530394	0.389530796376986
TPR_8	24	8	17435	3722	0.120489410647376	0.389530796376986
TPR_MLP1_2	1	1	17435	3722	0.213478634929739	0.389530796376986
TRAUB	1	1	17435	3722	0.213478634929739	0.389530796376986
Trefoil	1	1	17435	3722	0.213478634929739	0.389530796376986
TRM	1	1	17435	3722	0.213478634929739	0.389530796376986
TRM13	1	1	17435	3722	0.213478634929739	0.389530796376986
TrmE_N	1	1	17435	3722	0.213478634929739	0.389530796376986
tRNA_bind_2	1	1	17435	3722	0.213478634929739	0.389530796376986
tRNA_int_end_N2	1	1	17435	3722	0.213478634929739	0.389530796376986
tRNA_int_endo	2	2	17435	3722	0.0455634966487071	0.389530796376986
tRNA_m1G_MT	2	2	17435	3722	0.0455634966487071	0.389530796376986
tRNA_SAD	4	2	17435	3722	0.201822038153072	0.389530796376986
tRNA_U5-meth_tr	1	1	17435	3722	0.213478634929739	0.389530796376986
tRNA-synt_1d	2	2	17435	3722	0.0455634966487071	0.389530796376986
tRNA-synt_1e	2	2	17435	3722	0.0455634966487071	0.389530796376986
tRNA-synt_2c	3	2	17435	3722	0.117245046530394	0.389530796376986
TROVE	1	1	17435	3722	0.213478634929739	0.389530796376986
Trp_dioxygenase	1	1	17435	3722	0.213478634929739	0.389530796376986
TRPM_tetra	1	1	17435	3722	0.213478634929739	0.389530796376986
TruB_C_2	1	1	17435	3722	0.213478634929739	0.389530796376986
TruD	1	1	17435	3722	0.213478634929739	0.389530796376986
Tubulin_3	1	1	17435	3722	0.213478634929739	0.389530796376986
Tudor-knot	4	2	17435	3722	0.201822038153072	0.389530796376986
TUG-UBL1	1	1	17435	3722	0.213478634929739	0.389530796376986
U3_assoc_6	1	1	17435	3722	0.213478634929739	0.389530796376986
U3snoRNP10	1	1	17435	3722	0.213478634929739	0.389530796376986
UAE_UbL	1	1	17435	3722	0.213478634929739	0.389530796376986
UBA_e1_thiolCys	1	1	17435	3722	0.213478634929739	0.389530796376986
UBA2_C	1	1	17435	3722	0.213478634929739	0.389530796376986
UBN_AB	1	1	17435	3722	0.213478634929739	0.389530796376986
UDG	1	1	17435	3722	0.213478634929739	0.389530796376986
UDPG_MGDP_dh	1	1	17435	3722	0.213478634929739	0.389530796376986
UDPG_MGDP_dh_C	1	1	17435	3722	0.213478634929739	0.389530796376986
UDPG_MGDP_dh_N	1	1	17435	3722	0.213478634929739	0.389530796376986
UPF0020	1	1	17435	3722	0.213478634929739	0.389530796376986
UPF0047	1	1	17435	3722	0.213478634929739	0.389530796376986
UPF0066	1	1	17435	3722	0.213478634929739	0.389530796376986
UPF0086	1	1	17435	3722	0.213478634929739	0.389530796376986
UPF0113	1	1	17435	3722	0.213478634929739	0.389530796376986
UPF0160	1	1	17435	3722	0.213478634929739	0.389530796376986
UPF0489	1	1	17435	3722	0.213478634929739	0.389530796376986
Upf2	1	1	17435	3722	0.213478634929739	0.389530796376986
Urb2	1	1	17435	3722	0.213478634929739	0.389530796376986
Utp11	1	1	17435	3722	0.213478634929739	0.389530796376986
Utp13	1	1	17435	3722	0.213478634929739	0.389530796376986
Utp14	1	1	17435	3722	0.213478634929739	0.389530796376986
UTP15_C	1	1	17435	3722	0.213478634929739	0.389530796376986
Utp21	1	1	17435	3722	0.213478634929739	0.389530796376986
UTP25	1	1	17435	3722	0.213478634929739	0.389530796376986
VASP_tetra	1	1	17435	3722	0.213478634929739	0.389530796376986
VEFS-Box	1	1	17435	3722	0.213478634929739	0.389530796376986
Vps54	1	1	17435	3722	0.213478634929739	0.389530796376986
VWA_2	3	2	17435	3722	0.117245046530394	0.389530796376986
WAPL	1	1	17435	3722	0.213478634929739	0.389530796376986
WBS_methylT	1	1	17435	3722	0.213478634929739	0.389530796376986
WD-3	1	1	17435	3722	0.213478634929739	0.389530796376986
WGG	1	1	17435	3722	0.213478634929739	0.389530796376986
WGR	1	1	17435	3722	0.213478634929739	0.389530796376986
WH1	4	2	17435	3722	0.201822038153072	0.389530796376986
WHIM1	2	2	17435	3722	0.0455634966487071	0.389530796376986
XLF	1	1	17435	3722	0.213478634929739	0.389530796376986
XPG_I	4	2	17435	3722	0.201822038153072	0.389530796376986
XPG_I_2	1	1	17435	3722	0.213478634929739	0.389530796376986
XPG_N	4	3	17435	3722	0.0326680549077153	0.389530796376986
Xpo1	4	3	17435	3722	0.0326680549077153	0.389530796376986
XRCC1_N	1	1	17435	3722	0.213478634929739	0.389530796376986
XTBD	3	2	17435	3722	0.117245046530394	0.389530796376986
YAF2_RYBP	1	1	17435	3722	0.213478634929739	0.389530796376986
YjeF_N	1	1	17435	3722	0.213478634929739	0.389530796376986
zf-C2H2_11	1	1	17435	3722	0.213478634929739	0.389530796376986
zf-C2H2_3	2	2	17435	3722	0.0455634966487071	0.389530796376986
zf-C3HC4	5	3	17435	3722	0.0687676944965356	0.389530796376986
zf-C3HC4_2	10	5	17435	3722	0.0424967460585909	0.389530796376986
zf-C4_Topoisom	1	1	17435	3722	0.213478634929739	0.389530796376986
zf-C4pol	2	2	17435	3722	0.0455634966487071	0.389530796376986
zf-CXXC	3	2	17435	3722	0.117245046530394	0.389530796376986
zf-Di19	6	3	17435	3722	0.116096261947512	0.389530796376986
zf-DNA_Pol	1	1	17435	3722	0.213478634929739	0.389530796376986
zf-GRF	1	1	17435	3722	0.213478634929739	0.389530796376986
zf-H2C2_2	1	1	17435	3722	0.213478634929739	0.389530796376986
zf-H2C2_5	3	2	17435	3722	0.117245046530394	0.389530796376986
zf-HC5HC2H	4	2	17435	3722	0.201822038153072	0.389530796376986
zf-LYAR	1	1	17435	3722	0.213478634929739	0.389530796376986
zf-Nse	1	1	17435	3722	0.213478634929739	0.389530796376986
zf-PARP	1	1	17435	3722	0.213478634929739	0.389530796376986
zf-primase	2	2	17435	3722	0.0455634966487071	0.389530796376986
zf-RanBP	9	4	17435	3722	0.104440432485374	0.389530796376986
zf-RING_10	1	1	17435	3722	0.213478634929739	0.389530796376986
zf-RING_2	31	10	17435	3722	0.106264293413787	0.389530796376986
zf-RING_5	1	1	17435	3722	0.213478634929739	0.389530796376986
zf-RING-like	2	2	17435	3722	0.0455634966487071	0.389530796376986
zf-RRN7	1	1	17435	3722	0.213478634929739	0.389530796376986
zf-SAP30	1	1	17435	3722	0.213478634929739	0.389530796376986
zf-SNAP50_C	1	1	17435	3722	0.213478634929739	0.389530796376986
zf-TAZ	1	1	17435	3722	0.213478634929739	0.389530796376986
zf-tcix	1	1	17435	3722	0.213478634929739	0.389530796376986
zf-TRM13_CCCH	1	1	17435	3722	0.213478634929739	0.389530796376986
zf-U11-48K	5	3	17435	3722	0.0687676944965356	0.389530796376986
zf-UBR	5	3	17435	3722	0.0687676944965356	0.389530796376986
zf-ZPR1	1	1	17435	3722	0.213478634929739	0.389530796376986
Zn_ribbon_SprT	1	1	17435	3722	0.213478634929739	0.389530796376986
Zw10	1	1	17435	3722	0.213478634929739	0.389530796376986
Zwilch	3	2	17435	3722	0.117245046530394	0.389530796376986
5_nucleotid_C	8	3	17435	3722	0.233439348522913	0.423025257002575
CENP-B_N	8	3	17435	3722	0.233439348522913	0.423025257002575
FKBP_C	8	3	17435	3722	0.233439348522913	0.423025257002575
JmjC	8	3	17435	3722	0.233439348522913	0.423025257002575
MIF4G	8	3	17435	3722	0.233439348522913	0.423025257002575
zf-CCHC	8	3	17435	3722	0.233439348522913	0.423025257002575
dsrm	12	4	17435	3722	0.242335544574057	0.438643971986451
zf-C3HC4_3	25	7	17435	3722	0.274587606600925	0.496454392734473
ADK	5	2	17435	3722	0.290524933924096	0.515836639133467
ANAPC3	5	2	17435	3722	0.290524933924096	0.515836639133467
CDP-OH_P_transf	5	2	17435	3722	0.290524933924096	0.515836639133467
EB	5	2	17435	3722	0.290524933924096	0.515836639133467
EFG_II	5	2	17435	3722	0.290524933924096	0.515836639133467
GRIP	5	2	17435	3722	0.290524933924096	0.515836639133467
MA3	5	2	17435	3722	0.290524933924096	0.515836639133467
NDK	5	2	17435	3722	0.290524933924096	0.515836639133467
Peptidase_M19	5	2	17435	3722	0.290524933924096	0.515836639133467
RHD_DNA_bind	5	2	17435	3722	0.290524933924096	0.515836639133467
Spc97_Spc98	5	2	17435	3722	0.290524933924096	0.515836639133467
Sterol-sensing	5	2	17435	3722	0.290524933924096	0.515836639133467
TPR_7	5	2	17435	3722	0.290524933924096	0.515836639133467
VPS9	5	2	17435	3722	0.290524933924096	0.515836639133467
WH2	5	2	17435	3722	0.290524933924096	0.515836639133467
zf-HC5HC2H_2	5	2	17435	3722	0.290524933924096	0.515836639133467
PH	47	12	17435	3722	0.292222921134206	0.518269799590038
RCC1	13	4	17435	3722	0.294978198757151	0.522570560396207
SAM_2	9	3	17435	3722	0.297938806541683	0.526635968658036
zf-CCCH	9	3	17435	3722	0.297938806541683	0.526635968658036
5-FTHF_cyc-lig	2	1	17435	3722	0.381393773210771	0.549012692647352
AAA_25	2	1	17435	3722	0.381393773210771	0.549012692647352
Abhydrolase_3	2	1	17435	3722	0.381393773210771	0.549012692647352
AdoHcyase	2	1	17435	3722	0.381393773210771	0.549012692647352
AdoHcyase_NAD	2	1	17435	3722	0.381393773210771	0.549012692647352
Agenet	2	1	17435	3722	0.381393773210771	0.549012692647352
Alba	2	1	17435	3722	0.381393773210771	0.549012692647352
Aldose_epim	2	1	17435	3722	0.381393773210771	0.549012692647352
Anillin	2	1	17435	3722	0.381393773210771	0.549012692647352
ARL2_Bind_BART	2	1	17435	3722	0.381393773210771	0.549012692647352
Atg14	2	1	17435	3722	0.381393773210771	0.549012692647352
B3_4	2	1	17435	3722	0.381393773210771	0.549012692647352
Biotin_lipoyl	6	2	17435	3722	0.377739269912388	0.549012692647352
c-SKI_SMAD_bind	2	1	17435	3722	0.381393773210771	0.549012692647352
Carboxyl_trans	2	1	17435	3722	0.381393773210771	0.549012692647352
CEBP_ZZ	2	1	17435	3722	0.381393773210771	0.549012692647352
Chitin_synth_2	2	1	17435	3722	0.381393773210771	0.549012692647352
Choline_kinase	2	1	17435	3722	0.381393773210771	0.549012692647352
CKS	2	1	17435	3722	0.381393773210771	0.549012692647352
CLP1_P	2	1	17435	3722	0.381393773210771	0.549012692647352
CLPTM1	2	1	17435	3722	0.381393773210771	0.549012692647352
CNH	6	2	17435	3722	0.377739269912388	0.549012692647352
CoA_transf_3	2	1	17435	3722	0.381393773210771	0.549012692647352
Comm	2	1	17435	3722	0.381393773210771	0.549012692647352
Cse1	2	1	17435	3722	0.381393773210771	0.549012692647352
CTNNB1_binding	2	1	17435	3722	0.381393773210771	0.549012692647352
Cyclin_C_2	2	1	17435	3722	0.381393773210771	0.549012692647352
Dak1	2	1	17435	3722	0.381393773210771	0.549012692647352
DBINO	2	1	17435	3722	0.381393773210771	0.549012692647352
DCX	2	1	17435	3722	0.381393773210771	0.549012692647352
DHO_dh	2	1	17435	3722	0.381393773210771	0.549012692647352
Dicer_dimer	2	1	17435	3722	0.381393773210771	0.549012692647352
DIL	2	1	17435	3722	0.381393773210771	0.549012692647352
DIX	2	1	17435	3722	0.381393773210771	0.549012692647352
DNA_pol3_delta2	2	1	17435	3722	0.381393773210771	0.549012692647352
DRMBL	2	1	17435	3722	0.381393773210771	0.549012692647352
DRY_EERY	2	1	17435	3722	0.381393773210771	0.549012692647352
DSHCT	2	1	17435	3722	0.381393773210771	0.549012692647352
DSL	2	1	17435	3722	0.381393773210771	0.549012692647352
DTW	2	1	17435	3722	0.381393773210771	0.549012692647352
DUF1394	2	1	17435	3722	0.381393773210771	0.549012692647352
DUF2373	2	1	17435	3722	0.381393773210771	0.549012692647352
DUF3591	2	1	17435	3722	0.381393773210771	0.549012692647352
DUF389	2	1	17435	3722	0.381393773210771	0.549012692647352
DUF4061	2	1	17435	3722	0.381393773210771	0.549012692647352
DUF4802	2	1	17435	3722	0.381393773210771	0.549012692647352
DUF572	2	1	17435	3722	0.381393773210771	0.549012692647352
DUF667	2	1	17435	3722	0.381393773210771	0.549012692647352
DUF753	6	2	17435	3722	0.377739269912388	0.549012692647352
DUF814	2	1	17435	3722	0.381393773210771	0.549012692647352
DUF971	2	1	17435	3722	0.381393773210771	0.549012692647352
EB1	2	1	17435	3722	0.381393773210771	0.549012692647352
ECR1_N	2	1	17435	3722	0.381393773210771	0.549012692647352
EF-hand_2	2	1	17435	3722	0.381393773210771	0.549012692647352
EFG_C	6	2	17435	3722	0.377739269912388	0.549012692647352
EIF4E-T	2	1	17435	3722	0.381393773210771	0.549012692647352
ELMO_CED12	2	1	17435	3722	0.381393773210771	0.549012692647352
ENTH	2	1	17435	3722	0.381393773210771	0.549012692647352
Exo_endo_phos	10	3	17435	3722	0.363168485015305	0.549012692647352
FDF	2	1	17435	3722	0.381393773210771	0.549012692647352
Ferlin_C	2	1	17435	3722	0.381393773210771	0.549012692647352
Filament	2	1	17435	3722	0.381393773210771	0.549012692647352
Fz	10	3	17435	3722	0.363168485015305	0.549012692647352
G-alpha	6	2	17435	3722	0.377739269912388	0.549012692647352
Gar1	2	1	17435	3722	0.381393773210771	0.549012692647352
GARS_A	2	1	17435	3722	0.381393773210771	0.549012692647352
GARS_N	2	1	17435	3722	0.381393773210771	0.549012692647352
GD_N	6	2	17435	3722	0.377739269912388	0.549012692647352
GIY-YIG	2	1	17435	3722	0.381393773210771	0.549012692647352
Glucosamine_iso	2	1	17435	3722	0.381393773210771	0.549012692647352
Glyco_hydro_63N	2	1	17435	3722	0.381393773210771	0.549012692647352
Glyco_transf_8	2	1	17435	3722	0.381393773210771	0.549012692647352
Glyco_transf_90	2	1	17435	3722	0.381393773210771	0.549012692647352
Glypican	2	1	17435	3722	0.381393773210771	0.549012692647352
GMP_PDE_delta	2	1	17435	3722	0.381393773210771	0.549012692647352
GPS	2	1	17435	3722	0.381393773210771	0.549012692647352
GYF	2	1	17435	3722	0.381393773210771	0.549012692647352
HBB	2	1	17435	3722	0.381393773210771	0.549012692647352
Hep_59	2	1	17435	3722	0.381393773210771	0.549012692647352
His_Phos_2	10	3	17435	3722	0.363168485015305	0.549012692647352
Homeobox_KN	6	2	17435	3722	0.377739269912388	0.549012692647352
HSA	2	1	17435	3722	0.381393773210771	0.549012692647352
HTH_9	2	1	17435	3722	0.381393773210771	0.549012692647352
Hydrolase_3	2	1	17435	3722	0.381393773210771	0.549012692647352
Hydrolase_6	10	3	17435	3722	0.363168485015305	0.549012692647352
Hydrolase_like	10	3	17435	3722	0.363168485015305	0.549012692647352
IATP	2	1	17435	3722	0.381393773210771	0.549012692647352
IF-2	2	1	17435	3722	0.381393773210771	0.549012692647352
IF4E	2	1	17435	3722	0.381393773210771	0.549012692647352
IMD	2	1	17435	3722	0.381393773210771	0.549012692647352
INTS2	2	1	17435	3722	0.381393773210771	0.549012692647352
Kringle	2	1	17435	3722	0.381393773210771	0.549012692647352
Lactamase_B_2	2	1	17435	3722	0.381393773210771	0.549012692647352
LON_substr_bdg	2	1	17435	3722	0.381393773210771	0.549012692647352
LRRCT	2	1	17435	3722	0.381393773210771	0.549012692647352
LSM14	2	1	17435	3722	0.381393773210771	0.549012692647352
LTV	2	1	17435	3722	0.381393773210771	0.549012692647352
Mad3_BUB1_I	2	1	17435	3722	0.381393773210771	0.549012692647352
Med15	2	1	17435	3722	0.381393773210771	0.549012692647352
Meis_PKNOX_N	2	1	17435	3722	0.381393773210771	0.549012692647352
Methyltransf_11	6	2	17435	3722	0.377739269912388	0.549012692647352
MGS	2	1	17435	3722	0.381393773210771	0.549012692647352
MRG	2	1	17435	3722	0.381393773210771	0.549012692647352
Mtc	2	1	17435	3722	0.381393773210771	0.549012692647352
N2227	2	1	17435	3722	0.381393773210771	0.549012692647352
N6-adenineMlase	2	1	17435	3722	0.381393773210771	0.549012692647352
NAD_binding_1	10	3	17435	3722	0.363168485015305	0.549012692647352
NAD_synthase	2	1	17435	3722	0.381393773210771	0.549012692647352
Ndc1_Nup	2	1	17435	3722	0.381393773210771	0.549012692647352
NIBRIN_BRCT_II	2	1	17435	3722	0.381393773210771	0.549012692647352
Nop53	2	1	17435	3722	0.381393773210771	0.549012692647352
NPC1_N	2	1	17435	3722	0.381393773210771	0.549012692647352
Nup84_Nup100	2	1	17435	3722	0.381393773210771	0.549012692647352
O-FucT	2	1	17435	3722	0.381393773210771	0.549012692647352
OGG_N	2	1	17435	3722	0.381393773210771	0.549012692647352
ORC5_C	2	1	17435	3722	0.381393773210771	0.549012692647352
OxoGdeHyase_C	2	1	17435	3722	0.381393773210771	0.549012692647352
P53	2	1	17435	3722	0.381393773210771	0.549012692647352
PABP	2	1	17435	3722	0.381393773210771	0.549012692647352
ParcG	2	1	17435	3722	0.381393773210771	0.549012692647352
PARG_cat	2	1	17435	3722	0.381393773210771	0.549012692647352
PDCD2_C	2	1	17435	3722	0.381393773210771	0.549012692647352
Peptidase_M22	2	1	17435	3722	0.381393773210771	0.549012692647352
Pex16	2	1	17435	3722	0.381393773210771	0.549012692647352
PI3K_rbd	2	1	17435	3722	0.381393773210771	0.549012692647352
PIF1	2	1	17435	3722	0.381393773210771	0.549012692647352
PINIT	2	1	17435	3722	0.381393773210771	0.549012692647352
PIP49_C	2	1	17435	3722	0.381393773210771	0.549012692647352
Piwi	10	3	17435	3722	0.363168485015305	0.549012692647352
PQQ_2	2	1	17435	3722	0.381393773210771	0.549012692647352
Pribosyltran	2	1	17435	3722	0.381393773210771	0.549012692647352
PrmA	6	2	17435	3722	0.377739269912388	0.549012692647352
PRMT5_TIM	2	1	17435	3722	0.381393773210771	0.549012692647352
Promethin	2	1	17435	3722	0.381393773210771	0.549012692647352
PRP38	2	1	17435	3722	0.381393773210771	0.549012692647352
PRP4	6	2	17435	3722	0.377739269912388	0.549012692647352
PseudoU_synth_2	2	1	17435	3722	0.381393773210771	0.549012692647352
PSP	2	1	17435	3722	0.381393773210771	0.549012692647352
Rad21_Rec8_N	2	1	17435	3722	0.381393773210771	0.549012692647352
Raptor_N	2	1	17435	3722	0.381393773210771	0.549012692647352
Requiem_N	2	1	17435	3722	0.381393773210771	0.549012692647352
ResIII	2	1	17435	3722	0.381393773210771	0.549012692647352
RHD_dimer	6	2	17435	3722	0.377739269912388	0.549012692647352
Ribosomal_L24e	2	1	17435	3722	0.381393773210771	0.549012692647352
Ribosomal_L28e	2	1	17435	3722	0.381393773210771	0.549012692647352
Ribosomal_S2	2	1	17435	3722	0.381393773210771	0.549012692647352
Ribosomal_S4	2	1	17435	3722	0.381393773210771	0.549012692647352
Ribosomal_S5	2	1	17435	3722	0.381393773210771	0.549012692647352
Ribosomal_S5_C	2	1	17435	3722	0.381393773210771	0.549012692647352
Ribosomal_S8e	2	1	17435	3722	0.381393773210771	0.549012692647352
RMI1_N	2	1	17435	3722	0.381393773210771	0.549012692647352
RNA_pol_Rpb2_4	2	1	17435	3722	0.381393773210771	0.549012692647352
RNA_pol_Rpb2_5	2	1	17435	3722	0.381393773210771	0.549012692647352
RNA_pol_Rpb4	2	1	17435	3722	0.381393773210771	0.549012692647352
RNA_pol_Rpc82	2	1	17435	3722	0.381393773210771	0.549012692647352
RNase_P_Rpp14	2	1	17435	3722	0.381393773210771	0.549012692647352
RNase_T	6	2	17435	3722	0.377739269912388	0.549012692647352
RNB	2	1	17435	3722	0.381393773210771	0.549012692647352
RPEL	2	1	17435	3722	0.381393773210771	0.549012692647352
RRM_7	2	1	17435	3722	0.381393773210771	0.549012692647352
rRNA_proc-arch	2	1	17435	3722	0.381393773210771	0.549012692647352
RTC	2	1	17435	3722	0.381393773210771	0.549012692647352
RTC_insert	2	1	17435	3722	0.381393773210771	0.549012692647352
SAM_1	22	6	17435	3722	0.323269929782591	0.549012692647352
SBF2	2	1	17435	3722	0.381393773210771	0.549012692647352
SecA_DEAD	2	1	17435	3722	0.381393773210771	0.549012692647352
SH3_1	27	7	17435	3722	0.350155289231502	0.549012692647352
SHS2_Rpb7-N	2	1	17435	3722	0.381393773210771	0.549012692647352
SLC3A2_N	2	1	17435	3722	0.381393773210771	0.549012692647352
Spermine_synt_N	2	1	17435	3722	0.381393773210771	0.549012692647352
Sulfate_transp	10	3	17435	3722	0.363168485015305	0.549012692647352
SUZ-C	2	1	17435	3722	0.381393773210771	0.549012692647352
SWIB	2	1	17435	3722	0.381393773210771	0.549012692647352
TAFH	2	1	17435	3722	0.381393773210771	0.549012692647352
TAP_C	2	1	17435	3722	0.381393773210771	0.549012692647352
TauD	2	1	17435	3722	0.381393773210771	0.549012692647352
TBP-binding	2	1	17435	3722	0.381393773210771	0.549012692647352
Tcp10_C	2	1	17435	3722	0.381393773210771	0.549012692647352
TFIID_NTD2	2	1	17435	3722	0.381393773210771	0.549012692647352
TFIIF_beta	2	1	17435	3722	0.381393773210771	0.549012692647352
TFIIS_M	2	1	17435	3722	0.381393773210771	0.549012692647352
TIMELESS	2	1	17435	3722	0.381393773210771	0.549012692647352
TIP49	2	1	17435	3722	0.381393773210771	0.549012692647352
TORC_N	2	1	17435	3722	0.381393773210771	0.549012692647352
tRNA-synt_1c_C	2	1	17435	3722	0.381393773210771	0.549012692647352
tRNA-synt_His	2	1	17435	3722	0.381393773210771	0.549012692647352
TruB_N	2	1	17435	3722	0.381393773210771	0.549012692647352
U-box	6	2	17435	3722	0.377739269912388	0.549012692647352
UBA_4	6	2	17435	3722	0.377739269912388	0.549012692647352
UbiA	2	1	17435	3722	0.381393773210771	0.549012692647352
UME	2	1	17435	3722	0.381393773210771	0.549012692647352
UPRTase	2	1	17435	3722	0.381393773210771	0.549012692647352
Vps54_N	2	1	17435	3722	0.381393773210771	0.549012692647352
WAC_Acf1_DNA_bd	2	1	17435	3722	0.381393773210771	0.549012692647352
WSD	2	1	17435	3722	0.381393773210771	0.549012692647352
XRN_N	2	1	17435	3722	0.381393773210771	0.549012692647352
YEATS	2	1	17435	3722	0.381393773210771	0.549012692647352
YqaJ	10	3	17435	3722	0.363168485015305	0.549012692647352
zf-C3Hc3H	2	1	17435	3722	0.381393773210771	0.549012692647352
zf-C5HC2	2	1	17435	3722	0.381393773210771	0.549012692647352
zf-CCCH_3	2	1	17435	3722	0.381393773210771	0.549012692647352
zf-CCHC_2	2	1	17435	3722	0.381393773210771	0.549012692647352
zf-CCHC_3	2	1	17435	3722	0.381393773210771	0.549012692647352
zf-nanos	2	1	17435	3722	0.381393773210771	0.549012692647352
An_peroxidase	15	4	17435	3722	0.402698980333956	0.578628325965775
Ricin_B_lectin	15	4	17435	3722	0.402698980333956	0.578628325965775
AA_permease_2	11	3	17435	3722	0.427303203319428	0.611205847786017
ABC2_membrane_3	11	3	17435	3722	0.427303203319428	0.611205847786017
Ank_5	11	3	17435	3722	0.427303203319428	0.611205847786017
DHHC	11	3	17435	3722	0.427303203319428	0.611205847786017
ZZ	11	3	17435	3722	0.427303203319428	0.611205847786017
HMG_box	20	5	17435	3722	0.429461254092624	0.613183848352464
WW	20	5	17435	3722	0.429461254092624	0.613183848352464
RabGAP-TBC	25	6	17435	3722	0.449633597800572	0.64140698982913
RA	16	4	17435	3722	0.455684137107086	0.649452526940009
CS	7	2	17435	3722	0.460058714428779	0.650413660613341
CTD_bind	7	2	17435	3722	0.460058714428779	0.650413660613341
DDE_3	7	2	17435	3722	0.460058714428779	0.650413660613341
FAD_binding_1	7	2	17435	3722	0.460058714428779	0.650413660613341
Frizzled	7	2	17435	3722	0.460058714428779	0.650413660613341
GATA	7	2	17435	3722	0.460058714428779	0.650413660613341
Peptidase_M2	7	2	17435	3722	0.460058714428779	0.650413660613341
polyprenyl_synt	7	2	17435	3722	0.460058714428779	0.650413660613341
TPR_19	7	2	17435	3722	0.460058714428779	0.650413660613341
Peptidase_M1	30	7	17435	3722	0.465837963799719	0.657996123867104
2-oxoacid_dh	3	1	17435	3722	0.51346813655096	0.668015289493107
2OG-FeII_Oxy	3	1	17435	3722	0.51346813655096	0.668015289493107
3HCDH	3	1	17435	3722	0.51346813655096	0.668015289493107
3HCDH_N	3	1	17435	3722	0.51346813655096	0.668015289493107
Aa_trans	21	5	17435	3722	0.475560954480397	0.668015289493107
Aminotran_1_2	12	3	17435	3722	0.488959089567885	0.668015289493107
ArgoL1	3	1	17435	3722	0.51346813655096	0.668015289493107
Arm_3	3	1	17435	3722	0.51346813655096	0.668015289493107
Biotin_carb_C	3	1	17435	3722	0.51346813655096	0.668015289493107
Biotin_carb_N	3	1	17435	3722	0.51346813655096	0.668015289493107
BPL_LplA_LipB	3	1	17435	3722	0.51346813655096	0.668015289493107
bZIP_Maf	3	1	17435	3722	0.51346813655096	0.668015289493107
C_tripleX	3	1	17435	3722	0.51346813655096	0.668015289493107
Cadherin_C	3	1	17435	3722	0.51346813655096	0.668015289493107
CBF	3	1	17435	3722	0.51346813655096	0.668015289493107
CBM_21	3	1	17435	3722	0.51346813655096	0.668015289493107
Cullin_binding	3	1	17435	3722	0.51346813655096	0.668015289493107
DUF1053	3	1	17435	3722	0.51346813655096	0.668015289493107
DUF3694	3	1	17435	3722	0.51346813655096	0.668015289493107
EFG_IV	3	1	17435	3722	0.51346813655096	0.668015289493107
ERAP1_C	31	7	17435	3722	0.50355584184203	0.668015289493107
Evr1_Alr	3	1	17435	3722	0.51346813655096	0.668015289493107
Exostosin	3	1	17435	3722	0.51346813655096	0.668015289493107
FAD_binding_6	3	1	17435	3722	0.51346813655096	0.668015289493107
Furin-like	3	1	17435	3722	0.51346813655096	0.668015289493107
FYRC	3	1	17435	3722	0.51346813655096	0.668015289493107
FYRN	3	1	17435	3722	0.51346813655096	0.668015289493107
FYVE	17	4	17435	3722	0.506977349766907	0.668015289493107
Gal_Lectin	3	1	17435	3722	0.51346813655096	0.668015289493107
Gb3_synth	3	1	17435	3722	0.51346813655096	0.668015289493107
Gly_transf_sug	3	1	17435	3722	0.51346813655096	0.668015289493107
Glyco_transf_49	3	1	17435	3722	0.51346813655096	0.668015289493107
Glyco_transf_64	3	1	17435	3722	0.51346813655096	0.668015289493107
Glycos_transf_2	17	4	17435	3722	0.506977349766907	0.668015289493107
Grp7_allergen	3	1	17435	3722	0.51346813655096	0.668015289493107
GSHPx	3	1	17435	3722	0.51346813655096	0.668015289493107
GTP1_OBG	3	1	17435	3722	0.51346813655096	0.668015289493107
GWT1	3	1	17435	3722	0.51346813655096	0.668015289493107
HEAT_2	3	1	17435	3722	0.51346813655096	0.668015289493107
IBB	3	1	17435	3722	0.51346813655096	0.668015289493107
KIAA1430	3	1	17435	3722	0.51346813655096	0.668015289493107
Kinesin_assoc	3	1	17435	3722	0.51346813655096	0.668015289493107
Lactamase_B_6	3	1	17435	3722	0.51346813655096	0.668015289493107
LMBR1	3	1	17435	3722	0.51346813655096	0.668015289493107
LRR_6	26	6	17435	3722	0.490938821295482	0.668015289493107
LRR_9	12	3	17435	3722	0.488959089567885	0.668015289493107
M_domain	3	1	17435	3722	0.51346813655096	0.668015289493107
Mab-21	3	1	17435	3722	0.51346813655096	0.668015289493107
MBT	3	1	17435	3722	0.51346813655096	0.668015289493107
Methyltransf_31	3	1	17435	3722	0.51346813655096	0.668015289493107
MT-A70	3	1	17435	3722	0.51346813655096	0.668015289493107
Myb_DNA-bind_7	3	1	17435	3722	0.51346813655096	0.668015289493107
NTP_transf_2	3	1	17435	3722	0.51346813655096	0.668015289493107
P_proprotein	3	1	17435	3722	0.51346813655096	0.668015289493107
PARP	3	1	17435	3722	0.51346813655096	0.668015289493107
PDZ_2	3	1	17435	3722	0.51346813655096	0.668015289493107
Peptidase_M16_M	3	1	17435	3722	0.51346813655096	0.668015289493107
PET	3	1	17435	3722	0.51346813655096	0.668015289493107
Pex2_Pex12	3	1	17435	3722	0.51346813655096	0.668015289493107
PHD_2	3	1	17435	3722	0.51346813655096	0.668015289493107
PI3K_C2	3	1	17435	3722	0.51346813655096	0.668015289493107
PPTA	3	1	17435	3722	0.51346813655096	0.668015289493107
PUA	3	1	17435	3722	0.51346813655096	0.668015289493107
RBD	3	1	17435	3722	0.51346813655096	0.668015289493107
Recep_L_domain	3	1	17435	3722	0.51346813655096	0.668015289493107
Ribosomal_L1	3	1	17435	3722	0.51346813655096	0.668015289493107
Ribosomal_L10	3	1	17435	3722	0.51346813655096	0.668015289493107
RMMBL	3	1	17435	3722	0.51346813655096	0.668015289493107
RNA_pol_Rpb1_1	3	1	17435	3722	0.51346813655096	0.668015289493107
RNA_pol_Rpb1_2	3	1	17435	3722	0.51346813655096	0.668015289493107
RNA_pol_Rpb1_3	3	1	17435	3722	0.51346813655096	0.668015289493107
RNA_pol_Rpb1_4	3	1	17435	3722	0.51346813655096	0.668015289493107
RNA_pol_Rpb1_5	3	1	17435	3722	0.51346813655096	0.668015289493107
RNF220	3	1	17435	3722	0.51346813655096	0.668015289493107
RrnaAD	3	1	17435	3722	0.51346813655096	0.668015289493107
S4	3	1	17435	3722	0.51346813655096	0.668015289493107
Sad1_UNC	3	1	17435	3722	0.51346813655096	0.668015289493107
Ski_Sno	3	1	17435	3722	0.51346813655096	0.668015289493107
Sod_Fe_C	3	1	17435	3722	0.51346813655096	0.668015289493107
Sod_Fe_N	3	1	17435	3722	0.51346813655096	0.668015289493107
Spermine_synth	3	1	17435	3722	0.51346813655096	0.668015289493107
SPOC	3	1	17435	3722	0.51346813655096	0.668015289493107
Str_synth	3	1	17435	3722	0.51346813655096	0.668015289493107
TBP	3	1	17435	3722	0.51346813655096	0.668015289493107
TF_Zn_Ribbon	3	1	17435	3722	0.51346813655096	0.668015289493107
Tim44	3	1	17435	3722	0.51346813655096	0.668015289493107
TRAM_LAG1_CLN8	3	1	17435	3722	0.51346813655096	0.668015289493107
tRNA-synt_1c	3	1	17435	3722	0.51346813655096	0.668015289493107
Tub	3	1	17435	3722	0.51346813655096	0.668015289493107
V_ATPase_I	3	1	17435	3722	0.51346813655096	0.668015289493107
Vps16_C	3	1	17435	3722	0.51346813655096	0.668015289493107
WHEP-TRS	3	1	17435	3722	0.51346813655096	0.668015289493107
zf-A20	3	1	17435	3722	0.51346813655096	0.668015289493107
zf-C2HC	3	1	17435	3722	0.51346813655096	0.668015289493107
zf-MIZ	3	1	17435	3722	0.51346813655096	0.668015289493107
zf-U1	3	1	17435	3722	0.51346813655096	0.668015289493107
A2M_recep	8	2	17435	3722	0.535598503064068	0.691123027607957
Amino_oxidase	8	2	17435	3722	0.535598503064068	0.691123027607957
Ldl_recept_b	8	2	17435	3722	0.535598503064068	0.691123027607957
MCM_OB	8	2	17435	3722	0.535598503064068	0.691123027607957
RasGEF_N	8	2	17435	3722	0.535598503064068	0.691123027607957
Rhodanese	8	2	17435	3722	0.535598503064068	0.691123027607957
Ribosomal_L7Ae	8	2	17435	3722	0.535598503064068	0.691123027607957
SAP	8	2	17435	3722	0.535598503064068	0.691123027607957
STAS	8	2	17435	3722	0.535598503064068	0.691123027607957
zf-UBP	8	2	17435	3722	0.535598503064068	0.691123027607957
TPR_16	13	3	17435	3722	0.547153356811106	0.705457710248713
HSP20	18	4	17435	3722	0.555966856633663	0.716237432568774
UCH	23	5	17435	3722	0.563411608346243	0.725237725308182
HTH_psq	28	6	17435	3722	0.569990498717473	0.733109730870766
A2M	9	2	17435	3722	0.603501273499035	0.758267055832379
A2M_comp	9	2	17435	3722	0.603501273499035	0.758267055832379
AC_N	4	1	17435	3722	0.617350169350256	0.758267055832379
ACOX	4	1	17435	3722	0.617350169350256	0.758267055832379
ArfGap	9	2	17435	3722	0.603501273499035	0.758267055832379
Asparaginase_2	4	1	17435	3722	0.617350169350256	0.758267055832379
BAR	4	1	17435	3722	0.617350169350256	0.758267055832379
Biopterin_H	4	1	17435	3722	0.617350169350256	0.758267055832379
Cation_ATPase_C	4	1	17435	3722	0.617350169350256	0.758267055832379
Cation_ATPase_N	4	1	17435	3722	0.617350169350256	0.758267055832379
CIDE-N	4	1	17435	3722	0.617350169350256	0.758267055832379
CN_hydrolase	9	2	17435	3722	0.603501273499035	0.758267055832379
CRAL_TRIO_2	4	1	17435	3722	0.617350169350256	0.758267055832379
DNA_photolyase	4	1	17435	3722	0.617350169350256	0.758267055832379
FAD_binding_7	4	1	17435	3722	0.617350169350256	0.758267055832379
FAD-oxidase_C	4	1	17435	3722	0.617350169350256	0.758267055832379
GAF	4	1	17435	3722	0.617350169350256	0.758267055832379
Glycohydro_20b2	4	1	17435	3722	0.617350169350256	0.758267055832379
Glycos_transf_1	4	1	17435	3722	0.617350169350256	0.758267055832379
Hormone_recep	19	4	17435	3722	0.602204940430025	0.758267055832379
Hydrolase_4	4	1	17435	3722	0.617350169350256	0.758267055832379
IF-2B	4	1	17435	3722	0.617350169350256	0.758267055832379
IPK	4	1	17435	3722	0.617350169350256	0.758267055832379
JmjN	4	1	17435	3722	0.617350169350256	0.758267055832379
L51_S25_CI-B8	4	1	17435	3722	0.617350169350256	0.758267055832379
LisH	4	1	17435	3722	0.617350169350256	0.758267055832379
LSM	19	4	17435	3722	0.602204940430025	0.758267055832379
MBD	4	1	17435	3722	0.617350169350256	0.758267055832379
MCM	9	2	17435	3722	0.603501273499035	0.758267055832379
Mob1_phocein	4	1	17435	3722	0.617350169350256	0.758267055832379
Myb_DNA-bind_4	9	2	17435	3722	0.603501273499035	0.758267055832379
Neuralized	4	1	17435	3722	0.617350169350256	0.758267055832379
Ninjurin	9	2	17435	3722	0.603501273499035	0.758267055832379
Nuc_sug_transp	4	1	17435	3722	0.617350169350256	0.758267055832379
Oxysterol_BP	4	1	17435	3722	0.617350169350256	0.758267055832379
PALP	4	1	17435	3722	0.617350169350256	0.758267055832379
PAS	9	2	17435	3722	0.603501273499035	0.758267055832379
PDEase_I	9	2	17435	3722	0.603501273499035	0.758267055832379
PI-PLC-Y	4	1	17435	3722	0.617350169350256	0.758267055832379
PI3Ka	4	1	17435	3722	0.617350169350256	0.758267055832379
Prefoldin	4	1	17435	3722	0.617350169350256	0.758267055832379
Propep_M14	19	4	17435	3722	0.602204940430025	0.758267055832379
Prp18	4	1	17435	3722	0.617350169350256	0.758267055832379
R3H	4	1	17435	3722	0.617350169350256	0.758267055832379
Ribonuc_L-PSP	4	1	17435	3722	0.617350169350256	0.758267055832379
S8_pro-domain	4	1	17435	3722	0.617350169350256	0.758267055832379
Septin	4	1	17435	3722	0.617350169350256	0.758267055832379
SOCS_box	9	2	17435	3722	0.603501273499035	0.758267055832379
Spectrin	9	2	17435	3722	0.603501273499035	0.758267055832379
Sulfatase	9	2	17435	3722	0.603501273499035	0.758267055832379
Surp	4	1	17435	3722	0.617350169350256	0.758267055832379
Tektin	4	1	17435	3722	0.617350169350256	0.758267055832379
TGF_beta_GS	4	1	17435	3722	0.617350169350256	0.758267055832379
tRNA-synt_1b	4	1	17435	3722	0.617350169350256	0.758267055832379
Tubulin_C	14	3	17435	3722	0.601247284929369	0.758267055832379
UQ_con	24	5	17435	3722	0.604408726355081	0.758267055832379
Vitellogenin_N	9	2	17435	3722	0.603501273499035	0.758267055832379
zf-C2HC_2	4	1	17435	3722	0.617350169350256	0.758267055832379
E1_DerP2_DerF2	20	4	17435	3722	0.645390862014375	0.792093362068846
AAA_5	10	2	17435	3722	0.663584470619968	0.81064913708169
FAD_binding_5	10	2	17435	3722	0.663584470619968	0.81064913708169
Fer2_2	10	2	17435	3722	0.663584470619968	0.81064913708169
Gal-bind_lectin	10	2	17435	3722	0.663584470619968	0.81064913708169
Peptidase_M24	10	2	17435	3722	0.663584470619968	0.81064913708169
PID	10	2	17435	3722	0.663584470619968	0.81064913708169
1-cysPrx_C	5	1	17435	3722	0.699056478206796	0.817978808079253
A_deaminase	5	1	17435	3722	0.699056478206796	0.817978808079253
AA_permease_C	5	1	17435	3722	0.699056478206796	0.817978808079253
ADH_N_2	5	1	17435	3722	0.699056478206796	0.817978808079253
AhpC-TSA	5	1	17435	3722	0.699056478206796	0.817978808079253
Alpha-mann_mid	5	1	17435	3722	0.699056478206796	0.817978808079253
Amidohydro_1	5	1	17435	3722	0.699056478206796	0.817978808079253
Ank_3	5	1	17435	3722	0.699056478206796	0.817978808079253
BAH	5	1	17435	3722	0.699056478206796	0.817978808079253
CBS	5	1	17435	3722	0.699056478206796	0.817978808079253
Chorein_N	5	1	17435	3722	0.699056478206796	0.817978808079253
COMM_domain	5	1	17435	3722	0.699056478206796	0.817978808079253
DENN	5	1	17435	3722	0.699056478206796	0.817978808079253
DUF1298	5	1	17435	3722	0.699056478206796	0.817978808079253
DUF4780	5	1	17435	3722	0.699056478206796	0.817978808079253
E1_dh	5	1	17435	3722	0.699056478206796	0.817978808079253
Epimerase	5	1	17435	3722	0.699056478206796	0.817978808079253
FAD_binding_4	5	1	17435	3722	0.699056478206796	0.817978808079253
Folate_carrier	5	1	17435	3722	0.699056478206796	0.817978808079253
Glutaredoxin	5	1	17435	3722	0.699056478206796	0.817978808079253
Glyco_hydro_20	5	1	17435	3722	0.699056478206796	0.817978808079253
Glyco_hydro_38	5	1	17435	3722	0.699056478206796	0.817978808079253
Glyco_hydro_38C	5	1	17435	3722	0.699056478206796	0.817978808079253
Glyco_hydro_65m	5	1	17435	3722	0.699056478206796	0.817978808079253
HATPase_c	5	1	17435	3722	0.699056478206796	0.817978808079253
Insulin	5	1	17435	3722	0.699056478206796	0.817978808079253
Kelch_4	5	1	17435	3722	0.699056478206796	0.817978808079253
Lactamase_B	5	1	17435	3722	0.699056478206796	0.817978808079253
Na_H_Exchanger	5	1	17435	3722	0.699056478206796	0.817978808079253
NIF	5	1	17435	3722	0.699056478206796	0.817978808079253
Orn_DAP_Arg_deC	5	1	17435	3722	0.699056478206796	0.817978808079253
Otopetrin	5	1	17435	3722	0.699056478206796	0.817978808079253
OTU	5	1	17435	3722	0.699056478206796	0.817978808079253
Patched	5	1	17435	3722	0.699056478206796	0.817978808079253
Peptidase_M16	5	1	17435	3722	0.699056478206796	0.817978808079253
Peptidase_M17	5	1	17435	3722	0.699056478206796	0.817978808079253
Peptidase_S10	5	1	17435	3722	0.699056478206796	0.817978808079253
Peptidase_S8	5	1	17435	3722	0.699056478206796	0.817978808079253
PI-PLC-X	5	1	17435	3722	0.699056478206796	0.817978808079253
PS-DH	5	1	17435	3722	0.699056478206796	0.817978808079253
S1	5	1	17435	3722	0.699056478206796	0.817978808079253
Sec1	5	1	17435	3722	0.699056478206796	0.817978808079253
Sec7	5	1	17435	3722	0.699056478206796	0.817978808079253
SGL	5	1	17435	3722	0.699056478206796	0.817978808079253
Solute_trans_a	5	1	17435	3722	0.699056478206796	0.817978808079253
TFIIS_C	5	1	17435	3722	0.699056478206796	0.817978808079253
Thiol-ester_cl	5	1	17435	3722	0.699056478206796	0.817978808079253
Thiolase_C	5	1	17435	3722	0.699056478206796	0.817978808079253
Thiolase_N	5	1	17435	3722	0.699056478206796	0.817978808079253
TLD	5	1	17435	3722	0.699056478206796	0.817978808079253
Transket_pyr	5	1	17435	3722	0.699056478206796	0.817978808079253
tRNA-synt_2	5	1	17435	3722	0.699056478206796	0.817978808079253
uDENN	5	1	17435	3722	0.699056478206796	0.817978808079253
VWA	5	1	17435	3722	0.699056478206796	0.817978808079253
WAP	5	1	17435	3722	0.699056478206796	0.817978808079253
zf-C2H2_2	5	1	17435	3722	0.699056478206796	0.817978808079253
zf-C4	21	4	17435	3722	0.685350840257665	0.817978808079253
Ald_Xan_dh_C	11	2	17435	3722	0.716091418908977	0.833595750341429
Ald_Xan_dh_C2	11	2	17435	3722	0.716091418908977	0.833595750341429
CO_deh_flav_C	11	2	17435	3722	0.716091418908977	0.833595750341429
Endonuclease_NS	11	2	17435	3722	0.716091418908977	0.833595750341429
Pyridoxal_deC	11	2	17435	3722	0.716091418908977	0.833595750341429
RasGEF	11	2	17435	3722	0.716091418908977	0.833595750341429
TPR_1	11	2	17435	3722	0.716091418908977	0.833595750341429
NTF2	17	3	17435	3722	0.736420541647833	0.856630365357994
Aminotran_5	6	1	17435	3722	0.763319919865677	0.866885939143935
Beach	6	1	17435	3722	0.763319919865677	0.866885939143935
Cation_efflux	6	1	17435	3722	0.763319919865677	0.866885939143935
DPPIV_N	6	1	17435	3722	0.763319919865677	0.866885939143935
EGF_2	6	1	17435	3722	0.763319919865677	0.866885939143935
GCV_T	6	1	17435	3722	0.763319919865677	0.866885939143935
GCV_T_C	6	1	17435	3722	0.763319919865677	0.866885939143935
GILT	6	1	17435	3722	0.763319919865677	0.866885939143935
GPHH	6	1	17435	3722	0.763319919865677	0.866885939143935
Hist_deacetyl	6	1	17435	3722	0.763319919865677	0.866885939143935
Innexin	6	1	17435	3722	0.763319919865677	0.866885939143935
KAsynt_C_assoc	6	1	17435	3722	0.763319919865677	0.866885939143935
Lipocalin	6	1	17435	3722	0.763319919865677	0.866885939143935
MCM_N	6	1	17435	3722	0.763319919865677	0.866885939143935
Methyltransf_32	6	1	17435	3722	0.763319919865677	0.866885939143935
MFS_1_like	6	1	17435	3722	0.763319919865677	0.866885939143935
MIT	6	1	17435	3722	0.763319919865677	0.866885939143935
MyTH4	6	1	17435	3722	0.763319919865677	0.866885939143935
OAR	6	1	17435	3722	0.763319919865677	0.866885939143935
OATP	6	1	17435	3722	0.763319919865677	0.866885939143935
Orn_Arg_deC_N	6	1	17435	3722	0.763319919865677	0.866885939143935
Rhomboid	6	1	17435	3722	0.763319919865677	0.866885939143935
SAM_PNT	6	1	17435	3722	0.763319919865677	0.866885939143935
Sec63	6	1	17435	3722	0.763319919865677	0.866885939143935
Tctex-1	6	1	17435	3722	0.763319919865677	0.866885939143935
Thioesterase	6	1	17435	3722	0.763319919865677	0.866885939143935
TPR_11	12	2	17435	3722	0.761517884777195	0.866885939143935
TPR_2	6	1	17435	3722	0.763319919865677	0.866885939143935
tRNA_anti-codon	6	1	17435	3722	0.763319919865677	0.866885939143935
tRNA-synt_1	6	1	17435	3722	0.763319919865677	0.866885939143935
tRNA-synt_2b	6	1	17435	3722	0.763319919865677	0.866885939143935
VWD	6	1	17435	3722	0.763319919865677	0.866885939143935
zf-RING_UBOX	6	1	17435	3722	0.763319919865677	0.866885939143935
Actin	18	3	17435	3722	0.772511278650666	0.876695009200398
Ank_4	30	5	17435	3722	0.798648791896422	0.905203950703584
CD36	13	2	17435	3722	0.800493253498302	0.905203950703584
Kelch_1	13	2	17435	3722	0.800493253498302	0.905203950703584
SH3_2	13	2	17435	3722	0.800493253498302	0.905203950703584
SPRY	13	2	17435	3722	0.800493253498302	0.905203950703584
A2M_N	7	1	17435	3722	0.81386345410516	0.905437401121212
A2M_N_2	7	1	17435	3722	0.81386345410516	0.905437401121212
Anticodon_1	7	1	17435	3722	0.81386345410516	0.905437401121212
CBFD_NFYB_HMF	7	1	17435	3722	0.81386345410516	0.905437401121212
CH	25	4	17435	3722	0.812751436112316	0.905437401121212
DAGK_cat	7	1	17435	3722	0.81386345410516	0.905437401121212
DUF1943	7	1	17435	3722	0.81386345410516	0.905437401121212
FGGY_C	7	1	17435	3722	0.81386345410516	0.905437401121212
FGGY_N	7	1	17435	3722	0.81386345410516	0.905437401121212
Forkhead	19	3	17435	3722	0.804443717067037	0.905437401121212
Galactosyl_T	7	1	17435	3722	0.81386345410516	0.905437401121212
Glyco_hydro_16	7	1	17435	3722	0.81386345410516	0.905437401121212
HGTP_anticodon	7	1	17435	3722	0.81386345410516	0.905437401121212
Inhibitor_I29	7	1	17435	3722	0.81386345410516	0.905437401121212
ketoacyl-synt	7	1	17435	3722	0.81386345410516	0.905437401121212
Ketoacyl-synt_C	7	1	17435	3722	0.81386345410516	0.905437401121212
KR	7	1	17435	3722	0.81386345410516	0.905437401121212
MATH	7	1	17435	3722	0.81386345410516	0.905437401121212
Peptidase_M16_C	7	1	17435	3722	0.81386345410516	0.905437401121212
Peptidase_S9	7	1	17435	3722	0.81386345410516	0.905437401121212
RINGv	7	1	17435	3722	0.81386345410516	0.905437401121212
ThiF	7	1	17435	3722	0.81386345410516	0.905437401121212
Tnp_P_element	7	1	17435	3722	0.81386345410516	0.905437401121212
ADH_zinc_N	20	3	17435	3722	0.832511867958683	0.924883269038368
IQ	20	3	17435	3722	0.832511867958683	0.924883269038368
Carb_anhydrase	14	2	17435	3722	0.833700914926458	0.924905222590221
Cyt-b5	14	2	17435	3722	0.833700914926458	0.924905222590221
Peptidase_M14	26	4	17435	3722	0.837009523073351	0.927275255953811
SH3_9	26	4	17435	3722	0.837009523073351	0.927275255953811
adh_short_C2	8	1	17435	3722	0.853615589968173	0.938443268470918
Calpain_III	8	1	17435	3722	0.853615589968173	0.938443268470918
Cytochrom_B561	8	1	17435	3722	0.853615589968173	0.938443268470918
Death	8	1	17435	3722	0.853615589968173	0.938443268470918
EF-hand_5	8	1	17435	3722	0.853615589968173	0.938443268470918
Fer2	8	1	17435	3722	0.853615589968173	0.938443268470918
Myb_DNA-bind_5	8	1	17435	3722	0.853615589968173	0.938443268470918
PAP2	8	1	17435	3722	0.853615589968173	0.938443268470918
PAS_11	8	1	17435	3722	0.853615589968173	0.938443268470918
Pyr_redox_2	8	1	17435	3722	0.853615589968173	0.938443268470918
TTL	8	1	17435	3722	0.853615589968173	0.938443268470918
Cadherin	21	3	17435	3722	0.857038705908853	0.940898842989455
Guanylate_cyc	21	3	17435	3722	0.857038705908853	0.940898842989455
Acyltransferase	15	2	17435	3722	0.861826538595417	0.943536044330761
HECT	15	2	17435	3722	0.861826538595417	0.943536044330761
Pro_isomerase	15	2	17435	3722	0.861826538595417	0.943536044330761
Y_phosphatase	15	2	17435	3722	0.861826538595417	0.943536044330761
Amidase_2	9	1	17435	3722	0.884879879526816	0.959479074305293
Cation_ATPase	9	1	17435	3722	0.884879879526816	0.959479074305293
DHC_N1	9	1	17435	3722	0.884879879526816	0.959479074305293
Ets	9	1	17435	3722	0.884879879526816	0.959479074305293
FA_desaturase	9	1	17435	3722	0.884879879526816	0.959479074305293
Glyco_hydro_31	9	1	17435	3722	0.884879879526816	0.959479074305293
GST_N	9	1	17435	3722	0.884879879526816	0.959479074305293
Mpv17_PMP22	9	1	17435	3722	0.884879879526816	0.959479074305293
PBP	9	1	17435	3722	0.884879879526816	0.959479074305293
Peptidase_C2	9	1	17435	3722	0.884879879526816	0.959479074305293
Peptidase_S28	9	1	17435	3722	0.884879879526816	0.959479074305293
PP-binding	9	1	17435	3722	0.884879879526816	0.959479074305293
SCP2	9	1	17435	3722	0.884879879526816	0.959479074305293
Trehalose_recp	9	1	17435	3722	0.884879879526816	0.959479074305293
Laminin_G_2	16	2	17435	3722	0.885525963164759	0.959521968305924
PDZ	63	10	17435	3722	0.891467494470759	0.965298820159302
Acetyltransf_1	17	2	17435	3722	0.905406686033683	0.976682714505905
Alpha-amylase_C	10	1	17435	3722	0.909468258294243	0.976682714505905
bZIP_2	10	1	17435	3722	0.909468258294243	0.976682714505905
C2	42	6	17435	3722	0.910006524135085	0.976682714505905
CBM39	10	1	17435	3722	0.909468258294243	0.976682714505905
Cpn60_TCP1	10	1	17435	3722	0.909468258294243	0.976682714505905
E1-E2_ATPase	10	1	17435	3722	0.909468258294243	0.976682714505905
FXa_inhibition	10	1	17435	3722	0.909468258294243	0.976682714505905
Kazal_2	10	1	17435	3722	0.909468258294243	0.976682714505905
LIM	30	4	17435	3722	0.909199937094942	0.976682714505905
Na_Ca_ex	10	1	17435	3722	0.909468258294243	0.976682714505905
PAX	10	1	17435	3722	0.909468258294243	0.976682714505905
Sulfotransfer_1	17	2	17435	3722	0.905406686033683	0.976682714505905
Lig_chan-Glu_bd	18	2	17435	3722	0.922018611956559	0.988904029908662
AAA_6	11	1	17435	3722	0.92880594223277	0.992147873472142
Aldo_ket_red	11	1	17435	3722	0.92880594223277	0.992147873472142
ECH_1	11	1	17435	3722	0.92880594223277	0.992147873472142
Laminin_EGF	11	1	17435	3722	0.92880594223277	0.992147873472142
Peptidase_C1	11	1	17435	3722	0.92880594223277	0.992147873472142
Sugar_tr	61	9	17435	3722	0.926969365634766	0.992147873472142
fn3	44	6	17435	3722	0.931056033794515	0.993880327572822
cNMP_binding	19	2	17435	3722	0.935850952531798	0.99765243052918
Dimer_Tnp_hAT	19	2	17435	3722	0.935850952531798	0.99765243052918
AAA_7	12	1	17435	3722	0.944013947456004	0.998282128927405
AAA_9	12	1	17435	3722	0.944013947456004	0.998282128927405
Aldedh	12	1	17435	3722	0.944013947456004	0.998282128927405
DHC_N2	12	1	17435	3722	0.944013947456004	0.998282128927405
DnaJ	33	4	17435	3722	0.943022014285604	0.998282128927405
Dynein_heavy	12	1	17435	3722	0.944013947456004	0.998282128927405
EGF	26	3	17435	3722	0.9379606224008	0.998282128927405
HTH_Tnp_Tc5	33	4	17435	3722	0.943022014285604	0.998282128927405
MT	12	1	17435	3722	0.944013947456004	0.998282128927405
TIR	12	1	17435	3722	0.944013947456004	0.998282128927405
Tubulin	26	3	17435	3722	0.9379606224008	0.998282128927405
UBA	12	1	17435	3722	0.944013947456004	0.998282128927405
7tm_1	86	6	17435	3722	0.99993211100665	1
7tm_2	14	1	17435	3722	0.965379627621147	1
7tm_6	72	2	17435	3722	0.999999385364451	1
ABC_membrane	21	1	17435	3722	0.993565720086193	1
ABC_tran	58	5	17435	3722	0.997299848491239	1
ABC2_membrane	20	1	17435	3722	0.991816768808958	1
Abhydro_lipase	14	1	17435	3722	0.965379627621147	1
Abhydrolase_1	25	1	17435	3722	0.997541146416547	1
Acyl_transf_3	34	2	17435	3722	0.997108600765809	1
Acyl-CoA_dh_M	16	1	17435	3722	0.978592964415439	1
ADH_N	13	1	17435	3722	0.955974005285812	1
adh_short	66	4	17435	3722	0.999860051212862	1
Alpha-amylase	23	2	17435	3722	0.971150995711577	1
AMP-binding	38	4	17435	3722	0.974874954473773	1
AMP-binding_C	32	2	17435	3722	0.995570227060734	1
ANF_receptor	23	2	17435	3722	0.971150995711577	1
Ank	31	1	17435	3722	0.99941939836854	1
Ank_2	93	8	17435	3722	0.999722404059855	1
Arrestin_C	23	2	17435	3722	0.971150995711577	1
Arrestin_N	23	2	17435	3722	0.971150995711577	1
ASC	33	1	17435	3722	0.999641183433598	1
Astacin	24	1	17435	3722	0.996872591150449	1
BACK	24	2	17435	3722	0.976466077073552	1
CAP	26	1	17435	3722	0.998066812874767	1
CBM_14	101	5	17435	3722	0.999999280533596	1
CENP-T_C	95	2	17435	3722	0.9999999968886	1
Chitin_bind_4	201	2	17435	3722	1	1
CLIP	36	3	17435	3722	0.989989620374507	1
COesterase	63	6	17435	3722	0.996136269584812	1
CUB	26	1	17435	3722	0.998066812874767	1
Cuticle_4	22	1	17435	3722	0.994940957816708	1
DDE_1	52	3	17435	3722	0.999580098890143	1
DDE_Tnp_4	48	4	17435	3722	0.995669310895653	1
DUF1676	25	1	17435	3722	0.997541146416547	1
DUF4806	32	3	17435	3722	0.978822126280088	1
EcKinase	48	2	17435	3722	0.999863588613626	1
EF-hand_7	47	1	17435	3722	0.999987666927412	1
EGF_CA	24	1	17435	3722	0.996872591150449	1
ELO	22	1	17435	3722	0.994940957816708	1
Fibrinogen_C	36	1	17435	3722	0.999825693768827	1
Glyco_hydro_18	21	2	17435	3722	0.956837743264244	1
GMC_oxred_C	24	1	17435	3722	0.996872591150449	1
GMC_oxred_N	24	1	17435	3722	0.996872591150449	1
GST_C	24	1	17435	3722	0.996872591150449	1
Hemocyanin_C	18	1	17435	3722	0.986764077100048	1
Hemocyanin_M	18	1	17435	3722	0.986764077100048	1
Hemocyanin_N	18	1	17435	3722	0.986764077100048	1
Histone	259	14	17435	3722	0.999999999999893	1
Histone_H2A_C	93	5	17435	3722	0.999996401282493	1
HLH	53	6	17435	3722	0.981125025137355	1
Homeobox	93	11	17435	3722	0.994171449368937	1
HSP70	17	1	17435	3722	0.983167106814298	1
HTH_Tnp_4	13	1	17435	3722	0.955974005285812	1
I-set	93	4	17435	3722	0.999999440488458	1
Ig_2	13	1	17435	3722	0.955974005285812	1
Ig_3	92	5	17435	3722	0.999995607612309	1
Ins_allergen_rp	14	1	17435	3722	0.965379627621147	1
Ion_trans	43	3	17435	3722	0.997426986023589	1
JHBP	24	2	17435	3722	0.976466077073552	1
Ldl_recept_a	29	2	17435	3722	0.991651128512201	1
Lectin_C	42	1	17435	3722	0.99995888404804	1
Lig_chan	36	2	17435	3722	0.998118160465179	1
Linker_histone	88	4	17435	3722	0.999998407065504	1
Lipase	41	2	17435	3722	0.999363877277939	1
LRR_8	129	10	17435	3722	0.999992624149964	1
MFS_1	69	9	17435	3722	0.972602577160973	1
Mito_carr	39	4	17435	3722	0.978786370972921	1
MRJP	14	1	17435	3722	0.965379627621147	1
Myosin_head	18	1	17435	3722	0.986764077100048	1
NAD_binding_4	27	1	17435	3722	0.998480123373941	1
Neur_chan_LBD	26	1	17435	3722	0.998066812874767	1
Neur_chan_memb	22	1	17435	3722	0.994940957816708	1
p450	152	18	17435	3722	0.999225107577595	1
PBP_GOBP	78	2	17435	3722	0.999999843984678	1
Ras	60	8	17435	3722	0.95964087658984	1
RGS	13	1	17435	3722	0.955974005285812	1
Serpin	25	1	17435	3722	0.997541146416547	1
SSF	14	1	17435	3722	0.965379627621147	1
Sterile	24	1	17435	3722	0.996872591150449	1
Tetraspannin	23	2	17435	3722	0.971150995711577	1
Thioredoxin	25	2	17435	3722	0.9808272647641	1
TPR_12	13	1	17435	3722	0.955974005285812	1
Trypsin	324	28	17435	3722	0.999999999834066	1
ubiquitin	24	1	17435	3722	0.996872591150449	1
UDPGT	34	2	17435	3722	0.997108600765809	1
V-set	20	1	17435	3722	0.991816768808958	1
