annot	freq_in_pop	freq_in_int	total_ano_in_pop	total_ano_in_int	pval	pval_adj
CRAL_TRIO	45	20	17435	2392	5.19610993303434e-07	0.000178572978031947
JHBP	24	14	17435	2392	4.08254187152289e-07	0.000178572978031947
LRR_8	129	40	17435	2392	3.05655192852923e-07	0.000178572978031947
EGF	26	14	17435	2392	1.53378936449587e-06	0.00039533420869881
Trypsin	324	75	17435	2392	2.55285950321905e-06	0.000526399629563769
Laminin_B	6	6	17435	2392	6.63259551391531e-06	0.00113970099580778
ABC2_membrane	20	11	17435	2392	1.60852997817563e-05	0.00236913486785582
EGF_CA	24	12	17435	2392	2.34897364863812e-05	0.00290231163688235
PP-binding	9	7	17435	2392	2.53354071114851e-05	0.00290231163688235
Serpin	25	12	17435	2392	3.95378646489404e-05	0.00407635384530575
CBM_14	101	29	17435	2392	6.13159455738909e-05	0.00547770951685694
Chitin_bind_4	201	48	17435	2392	6.82944856742996e-05	0.00547770951685694
Collagen	10	7	17435	2392	7.43820884927227e-05	0.00547770951685694
DUF1397	10	7	17435	2392	7.43820884927227e-05	0.00547770951685694
I-set	93	27	17435	2392	8.81062880616247e-05	0.00605583886610234
NAD_binding_4	27	12	17435	2392	0.000101297558565035	0.00652736143003447
adh_short	66	21	17435	2392	0.000126020164057267	0.0076427523025319
Sterile	24	11	17435	2392	0.000140841252420156	0.00788552084561269
TSP_1	17	9	17435	2392	0.000145319976786267	0.00788552084561269
Sushi	11	7	17435	2392	0.000180215960511921	0.00929013276438952
Reeler	6	5	17435	2392	0.000257426397732168	0.0126384102886602
ELO	22	10	17435	2392	0.000309279962032964	0.0144939836752721
Fasciclin	4	4	17435	2392	0.000353522012903734	0.0151867164709896
Lipase_GDSL	4	4	17435	2392	0.000353522012903734	0.0151867164709896
Laminin_G_2	16	8	17435	2392	0.000570688207665244	0.0235351816841146
Laminin_N	7	5	17435	2392	0.000798541833638839	0.0316652550185247
DOMON	10	6	17435	2392	0.000847288718808958	0.0323538766330383
EF-hand_7	47	15	17435	2392	0.00108903535036237	0.0400998373651285
SSF	14	7	17435	2392	0.00128415221693979	0.045653825367756
Claudin_2	5	4	17435	2392	0.00157388381431751	0.0491719458351924
Kunitz_BPTI	5	4	17435	2392	0.00157388381431751	0.0491719458351924
PDZ	63	18	17435	2392	0.00154191545163887	0.0491719458351924
WAP	5	4	17435	2392	0.00157388381431751	0.0491719458351924
Laminin_EGF	11	6	17435	2392	0.0016477760287654	0.0499663848722686
Zona_pellucida	8	5	17435	2392	0.00188821402590236	0.0556213903058665
LRR_1	15	7	17435	2392	0.00212404024407633	0.0608301525456305
MAM	3	3	17435	2392	0.00257957125531096	0.0618497200982698
Proton_antipo_M	3	3	17435	2392	0.00257957125531096	0.0618497200982698
Retinin_C	3	3	17435	2392	0.00257957125531096	0.0618497200982698
SEA	3	3	17435	2392	0.00257957125531096	0.0618497200982698
Spond_N	3	3	17435	2392	0.00257957125531096	0.0618497200982698
Troponin	3	3	17435	2392	0.00257957125531096	0.0618497200982698
UNC-93	3	3	17435	2392	0.00257957125531096	0.0618497200982698
Lectin_C	42	13	17435	2392	0.00311437502015116	0.0729754692221784
Biotin_lipoyl	6	4	17435	2392	0.00420679864748819	0.0850433216776535
GD_N	6	4	17435	2392	0.00420679864748819	0.0850433216776535
Guanylate_kin	9	5	17435	2392	0.00376905063250628	0.0850433216776535
KAsynt_C_assoc	6	4	17435	2392	0.00420679864748819	0.0850433216776535
Ldl_recept_a	29	10	17435	2392	0.00385870180098667	0.0850433216776535
MFS_1_like	6	4	17435	2392	0.00420679864748819	0.0850433216776535
Thioesterase	6	4	17435	2392	0.00420679864748819	0.0850433216776535
CD36	13	6	17435	2392	0.00478832879956358	0.0929573028591716
fn3	44	13	17435	2392	0.00486876271037368	0.0929573028591716
Glyco_hydro_18	21	8	17435	2392	0.00477998231972063	0.0929573028591716
Neur_chan_LBD	26	9	17435	2392	0.00586391579328913	0.109921766961475
CBM39	10	5	17435	2392	0.00669081254620361	0.118934960950619
Laminin_G_1	10	5	17435	2392	0.00669081254620361	0.118934960950619
PID	10	5	17435	2392	0.00669081254620361	0.118934960950619
Lipase	41	12	17435	2392	0.00728205031286276	0.127250743602737
MRJP	14	6	17435	2392	0.00741646123653144	0.127439525581065
A2M_N	7	4	17435	2392	0.00875114106595398	0.134663081179083
A2M_N_2	7	4	17435	2392	0.00875114106595398	0.134663081179083
CRAL_TRIO_N	7	4	17435	2392	0.00875114106595398	0.134663081179083
DUF1943	7	4	17435	2392	0.00875114106595398	0.134663081179083
ketoacyl-synt	7	4	17435	2392	0.00875114106595398	0.134663081179083
Ketoacyl-synt_C	7	4	17435	2392	0.00875114106595398	0.134663081179083
KR	7	4	17435	2392	0.00875114106595398	0.134663081179083
ADAM_spacer1	4	3	17435	2392	0.00925771898253264	0.136352975299874
HYR	4	3	17435	2392	0.00925771898253264	0.136352975299874
L27	4	3	17435	2392	0.00925771898253264	0.136352975299874
A2M_recep	8	4	17435	2392	0.0156140681060056	0.167233174615297
ACAS_N	2	2	17435	2392	0.0188157597045339	0.167233174615297
ADH_zinc_N	20	7	17435	2392	0.0137408936044646	0.167233174615297
BetaGal_dom4_5	2	2	17435	2392	0.0188157597045339	0.167233174615297
C4	2	2	17435	2392	0.0188157597045339	0.167233174615297
Cadherin	21	7	17435	2392	0.0182213492468366	0.167233174615297
CDC48_2	2	2	17435	2392	0.0188157597045339	0.167233174615297
CDC48_N	2	2	17435	2392	0.0188157597045339	0.167233174615297
CH	25	8	17435	2392	0.0153653046776254	0.167233174615297
Citrate_synt	2	2	17435	2392	0.0188157597045339	0.167233174615297
CoA_binding	2	2	17435	2392	0.0188157597045339	0.167233174615297
COX7a	2	2	17435	2392	0.0188157597045339	0.167233174615297
Destabilase	2	2	17435	2392	0.0188157597045339	0.167233174615297
DUF1081	2	2	17435	2392	0.0188157597045339	0.167233174615297
DUF4481	2	2	17435	2392	0.0188157597045339	0.167233174615297
DUF4749	2	2	17435	2392	0.0188157597045339	0.167233174615297
EF-hand_1	8	4	17435	2392	0.0156140681060056	0.167233174615297
EF-hand_5	8	4	17435	2392	0.0156140681060056	0.167233174615297
Ephrin_rec_like	2	2	17435	2392	0.0188157597045339	0.167233174615297
FAD_binding_2	2	2	17435	2392	0.0188157597045339	0.167233174615297
GF_recep_IV	2	2	17435	2392	0.0188157597045339	0.167233174615297
Glyco_hydro_15	2	2	17435	2392	0.0188157597045339	0.167233174615297
Glyoxalase	2	2	17435	2392	0.0188157597045339	0.167233174615297
hEGF	8	4	17435	2392	0.0156140681060056	0.167233174615297
KIF1B	2	2	17435	2392	0.0188157597045339	0.167233174615297
LRRNT	2	2	17435	2392	0.0188157597045339	0.167233174615297
MPC	2	2	17435	2392	0.0188157597045339	0.167233174615297
Myofilin	2	2	17435	2392	0.0188157597045339	0.167233174615297
NDUFA12	2	2	17435	2392	0.0188157597045339	0.167233174615297
NTR	2	2	17435	2392	0.0188157597045339	0.167233174615297
Oxidored_q6	2	2	17435	2392	0.0188157597045339	0.167233174615297
PBP_GOBP	78	18	17435	2392	0.0169701098793234	0.167233174615297
PC_rep	2	2	17435	2392	0.0188157597045339	0.167233174615297
PMT	2	2	17435	2392	0.0188157597045339	0.167233174615297
PMT_4TMC	2	2	17435	2392	0.0188157597045339	0.167233174615297
Reprolysin	8	4	17435	2392	0.0156140681060056	0.167233174615297
Sarcoglycan_1	2	2	17435	2392	0.0188157597045339	0.167233174615297
SelP_N	2	2	17435	2392	0.0188157597045339	0.167233174615297
SNAP	2	2	17435	2392	0.0188157597045339	0.167233174615297
TB2_DP1_HVA22	2	2	17435	2392	0.0188157597045339	0.167233174615297
Trehalose_PPase	2	2	17435	2392	0.0188157597045339	0.167233174615297
Tropomyosin	2	2	17435	2392	0.0188157597045339	0.167233174615297
TSP_3	2	2	17435	2392	0.0188157597045339	0.167233174615297
TSP_C	2	2	17435	2392	0.0188157597045339	0.167233174615297
UDPGP	2	2	17435	2392	0.0188157597045339	0.167233174615297
UIM	2	2	17435	2392	0.0188157597045339	0.167233174615297
CAP	26	8	17435	2392	0.0195881441817749	0.171147259757711
CUB	26	8	17435	2392	0.0195881441817749	0.171147259757711
ATP-synt_ab	5	3	17435	2392	0.0207834717348554	0.171422074869087
F5_F8_type_C	5	3	17435	2392	0.0207834717348554	0.171422074869087
ig	5	3	17435	2392	0.0207834717348554	0.171422074869087
Ligase_CoA	5	3	17435	2392	0.0207834717348554	0.171422074869087
MIR	5	3	17435	2392	0.0207834717348554	0.171422074869087
PS-DH	5	3	17435	2392	0.0207834717348554	0.171422074869087
Thiol-ester_cl	5	3	17435	2392	0.0207834717348554	0.171422074869087
HSP70	17	6	17435	2392	0.0212459065037064	0.172476611065522
PCI	17	6	17435	2392	0.0212459065037064	0.172476611065522
ABC_tran	58	14	17435	2392	0.0227639135621836	0.1833562100204
Ig_3	92	20	17435	2392	0.0231013350801029	0.184631600523923
Cuticle_4	22	7	17435	2392	0.0236348943822962	0.187222433225476
Ig_2	13	5	17435	2392	0.0239702824304198	0.187222433225476
SH3_2	13	5	17435	2392	0.0239702824304198	0.187222433225476
A2M	9	4	17435	2392	0.0250900820848051	0.190204960510544
A2M_comp	9	4	17435	2392	0.0250900820848051	0.190204960510544
Ninjurin	9	4	17435	2392	0.0250900820848051	0.190204960510544
Pep_M12B_propep	9	4	17435	2392	0.0250900820848051	0.190204960510544
Actin	18	6	17435	2392	0.0282558847565591	0.208084408457232
Hemocyanin_C	18	6	17435	2392	0.0282558847565591	0.208084408457232
Hemocyanin_M	18	6	17435	2392	0.0282558847565591	0.208084408457232
Hemocyanin_N	18	6	17435	2392	0.0282558847565591	0.208084408457232
ATP-synt_ab_N	6	3	17435	2392	0.0373601448222225	0.258161793096342
FXa_inhibition	10	4	17435	2392	0.0373562617772061	0.258161793096342
GMC_oxred_C	24	7	17435	2392	0.0375599117016986	0.258161793096342
GMC_oxred_N	24	7	17435	2392	0.0375599117016986	0.258161793096342
Innexin	6	3	17435	2392	0.0373601448222225	0.258161793096342
Iso_dh	6	3	17435	2392	0.0373601448222225	0.258161793096342
Methyltransf_FA	6	3	17435	2392	0.0373601448222225	0.258161793096342
Phospholip_A2_2	6	3	17435	2392	0.0373601448222225	0.258161793096342
Spaetzle	6	3	17435	2392	0.0373601448222225	0.258161793096342
VWD	6	3	17435	2392	0.0373601448222225	0.258161793096342
2-oxoacid_dh	3	2	17435	2392	0.0512881366029797	0.276119488534653
2-oxogl_dehyd_N	1	1	17435	2392	0.137195296816749	0.276119488534653
2Fe-2S_thioredx	1	1	17435	2392	0.137195296816749	0.276119488534653
4HBT	1	1	17435	2392	0.137195296816749	0.276119488534653
7tm_3	12	4	17435	2392	0.0704205905157058	0.276119488534653
AAA_28	1	1	17435	2392	0.137195296816749	0.276119488534653
Abdominal-A	1	1	17435	2392	0.137195296816749	0.276119488534653
Abhydrolase_1	25	6	17435	2392	0.117707185329694	0.276119488534653
ACC_central	1	1	17435	2392	0.137195296816749	0.276119488534653
AcetylCoA_hyd_C	1	1	17435	2392	0.137195296816749	0.276119488534653
AcetylCoA_hydro	1	1	17435	2392	0.137195296816749	0.276119488534653
ADH_N	13	4	17435	2392	0.0910651718869439	0.276119488534653
ADH_zinc_N_2	4	2	17435	2392	0.0933185542234269	0.276119488534653
AFG1_ATPase	1	1	17435	2392	0.137195296816749	0.276119488534653
AIRC	1	1	17435	2392	0.137195296816749	0.276119488534653
Allantoicase	1	1	17435	2392	0.137195296816749	0.276119488534653
Alpha_L_fucos	1	1	17435	2392	0.137195296816749	0.276119488534653
Amidohydro_1	5	2	17435	2392	0.141675275882475	0.276119488534653
Aminotran_3	4	2	17435	2392	0.0933185542234269	0.276119488534653
AMP-binding	38	8	17435	2392	0.140918443532407	0.276119488534653
An_peroxidase	15	4	17435	2392	0.13965962693617	0.276119488534653
Antistasin	1	1	17435	2392	0.137195296816749	0.276119488534653
ApoO	1	1	17435	2392	0.137195296816749	0.276119488534653
APP_amyloid	1	1	17435	2392	0.137195296816749	0.276119488534653
APP_Cu_bd	1	1	17435	2392	0.137195296816749	0.276119488534653
APP_E2	1	1	17435	2392	0.137195296816749	0.276119488534653
APP_N	1	1	17435	2392	0.137195296816749	0.276119488534653
ASL_C2	1	1	17435	2392	0.137195296816749	0.276119488534653
Asp_Arg_Hydrox	1	1	17435	2392	0.137195296816749	0.276119488534653
Atg8	1	1	17435	2392	0.137195296816749	0.276119488534653
ATP-grasp_2	3	2	17435	2392	0.0512881366029797	0.276119488534653
ATP-synt	1	1	17435	2392	0.137195296816749	0.276119488534653
ATP-synt_8	1	1	17435	2392	0.137195296816749	0.276119488534653
ATP-synt_ab_C	1	1	17435	2392	0.137195296816749	0.276119488534653
ATP-synt_E	1	1	17435	2392	0.137195296816749	0.276119488534653
ATP-synt_Eps	1	1	17435	2392	0.137195296816749	0.276119488534653
ATP-synt_F6	1	1	17435	2392	0.137195296816749	0.276119488534653
ATP-synt_G	1	1	17435	2392	0.137195296816749	0.276119488534653
ATP11	1	1	17435	2392	0.137195296816749	0.276119488534653
AZUL	1	1	17435	2392	0.137195296816749	0.276119488534653
BAR	4	2	17435	2392	0.0933185542234269	0.276119488534653
Biopterin_H	4	2	17435	2392	0.0933185542234269	0.276119488534653
Biotin_carb_C	3	2	17435	2392	0.0512881366029797	0.276119488534653
Biotin_carb_N	3	2	17435	2392	0.0512881366029797	0.276119488534653
BLM10_mid	1	1	17435	2392	0.137195296816749	0.276119488534653
BNIP3	1	1	17435	2392	0.137195296816749	0.276119488534653
BRAP2	1	1	17435	2392	0.137195296816749	0.276119488534653
Bravo_FIGEY	1	1	17435	2392	0.137195296816749	0.276119488534653
BrkDBD	1	1	17435	2392	0.137195296816749	0.276119488534653
bZIP_1	8	3	17435	2392	0.0847385953594749	0.276119488534653
C_tripleX	3	2	17435	2392	0.0512881366029797	0.276119488534653
Ca_chan_IQ	4	2	17435	2392	0.0933185542234269	0.276119488534653
CAC1F_C	1	1	17435	2392	0.137195296816749	0.276119488534653
Cadherin_3	1	1	17435	2392	0.137195296816749	0.276119488534653
Calcipressin	1	1	17435	2392	0.137195296816749	0.276119488534653
Calx-beta	1	1	17435	2392	0.137195296816749	0.276119488534653
Carn_acyltransf	5	2	17435	2392	0.141675275882475	0.276119488534653
Cast	1	1	17435	2392	0.137195296816749	0.276119488534653
Catalase	1	1	17435	2392	0.137195296816749	0.276119488534653
Catalase-rel	1	1	17435	2392	0.137195296816749	0.276119488534653
CBF_beta	1	1	17435	2392	0.137195296816749	0.276119488534653
CBM_21	3	2	17435	2392	0.0512881366029797	0.276119488534653
CBM_48	1	1	17435	2392	0.137195296816749	0.276119488534653
CCAP	1	1	17435	2392	0.137195296816749	0.276119488534653
CCDC142	1	1	17435	2392	0.137195296816749	0.276119488534653
CHCH	5	2	17435	2392	0.141675275882475	0.276119488534653
CHRD	1	1	17435	2392	0.137195296816749	0.276119488534653
CI-B14_5a	1	1	17435	2392	0.137195296816749	0.276119488534653
Citrate_bind	1	1	17435	2392	0.137195296816749	0.276119488534653
CLIP	36	9	17435	2392	0.0500445437688147	0.276119488534653
Clp1	1	1	17435	2392	0.137195296816749	0.276119488534653
CLP1_N	1	1	17435	2392	0.137195296816749	0.276119488534653
ClpS	1	1	17435	2392	0.137195296816749	0.276119488534653
CLU	1	1	17435	2392	0.137195296816749	0.276119488534653
CLU_N	1	1	17435	2392	0.137195296816749	0.276119488534653
CNOT1_CAF1_bind	1	1	17435	2392	0.137195296816749	0.276119488534653
CNOT1_HEAT	1	1	17435	2392	0.137195296816749	0.276119488534653
CNOT1_TTP_bind	1	1	17435	2392	0.137195296816749	0.276119488534653
Cobalamin_bind	1	1	17435	2392	0.137195296816749	0.276119488534653
COesterase	63	14	17435	2392	0.0437820673106756	0.276119488534653
COLFI	3	2	17435	2392	0.0512881366029797	0.276119488534653
COMP	1	1	17435	2392	0.137195296816749	0.276119488534653
Complex1_30kDa	1	1	17435	2392	0.137195296816749	0.276119488534653
Complex1_49kDa	1	1	17435	2392	0.137195296816749	0.276119488534653
Complex1_51K	1	1	17435	2392	0.137195296816749	0.276119488534653
Costars	1	1	17435	2392	0.137195296816749	0.276119488534653
COX1	1	1	17435	2392	0.137195296816749	0.276119488534653
COX16	1	1	17435	2392	0.137195296816749	0.276119488534653
COX2	1	1	17435	2392	0.137195296816749	0.276119488534653
COX2_TM	1	1	17435	2392	0.137195296816749	0.276119488534653
COX3	1	1	17435	2392	0.137195296816749	0.276119488534653
COX4	1	1	17435	2392	0.137195296816749	0.276119488534653
COX5B	1	1	17435	2392	0.137195296816749	0.276119488534653
COX6A	1	1	17435	2392	0.137195296816749	0.276119488534653
COX6C	1	1	17435	2392	0.137195296816749	0.276119488534653
COX7C	1	1	17435	2392	0.137195296816749	0.276119488534653
CPCFC	1	1	17435	2392	0.137195296816749	0.276119488534653
CPSase_L_D2	4	2	17435	2392	0.0933185542234269	0.276119488534653
CPT_N	1	1	17435	2392	0.137195296816749	0.276119488534653
Crystallin	1	1	17435	2392	0.137195296816749	0.276119488534653
Cullin_Nedd8	5	2	17435	2392	0.141675275882475	0.276119488534653
Cystatin	1	1	17435	2392	0.137195296816749	0.276119488534653
Cyto_heme_lyase	1	1	17435	2392	0.137195296816749	0.276119488534653
Cytochrom_B_C	1	1	17435	2392	0.137195296816749	0.276119488534653
Cytochrom_C1	1	1	17435	2392	0.137195296816749	0.276119488534653
Cytochrome_B	1	1	17435	2392	0.137195296816749	0.276119488534653
DAG1	1	1	17435	2392	0.137195296816749	0.276119488534653
DAGK_acc	5	2	17435	2392	0.141675275882475	0.276119488534653
DAN	5	2	17435	2392	0.141675275882475	0.276119488534653
DAO_C	1	1	17435	2392	0.137195296816749	0.276119488534653
DB	1	1	17435	2392	0.137195296816749	0.276119488534653
DBB	1	1	17435	2392	0.137195296816749	0.276119488534653
DIOX_N	1	1	17435	2392	0.137195296816749	0.276119488534653
DJ-1_PfpI	1	1	17435	2392	0.137195296816749	0.276119488534653
DM13	3	2	17435	2392	0.0512881366029797	0.276119488534653
DMAP_binding	1	1	17435	2392	0.137195296816749	0.276119488534653
DoxX_2	1	1	17435	2392	0.137195296816749	0.276119488534653
DUF1136	1	1	17435	2392	0.137195296816749	0.276119488534653
DUF1213	1	1	17435	2392	0.137195296816749	0.276119488534653
DUF1690	1	1	17435	2392	0.137195296816749	0.276119488534653
DUF1731	1	1	17435	2392	0.137195296816749	0.276119488534653
DUF1794	1	1	17435	2392	0.137195296816749	0.276119488534653
DUF2048	1	1	17435	2392	0.137195296816749	0.276119488534653
DUF2205	1	1	17435	2392	0.137195296816749	0.276119488534653
DUF2236	5	2	17435	2392	0.141675275882475	0.276119488534653
DUF2369	1	1	17435	2392	0.137195296816749	0.276119488534653
DUF3350	1	1	17435	2392	0.137195296816749	0.276119488534653
DUF3399	1	1	17435	2392	0.137195296816749	0.276119488534653
DUF3437	1	1	17435	2392	0.137195296816749	0.276119488534653
DUF3454	1	1	17435	2392	0.137195296816749	0.276119488534653
DUF3694	3	2	17435	2392	0.0512881366029797	0.276119488534653
DUF3740	1	1	17435	2392	0.137195296816749	0.276119488534653
DUF3819	1	1	17435	2392	0.137195296816749	0.276119488534653
DUF4062	1	1	17435	2392	0.137195296816749	0.276119488534653
DUF4495	1	1	17435	2392	0.137195296816749	0.276119488534653
DUF4516	1	1	17435	2392	0.137195296816749	0.276119488534653
DUF4535	1	1	17435	2392	0.137195296816749	0.276119488534653
DUF4758	1	1	17435	2392	0.137195296816749	0.276119488534653
DUF4786	3	2	17435	2392	0.0512881366029797	0.276119488534653
DUF4790	1	1	17435	2392	0.137195296816749	0.276119488534653
DUF4803	1	1	17435	2392	0.137195296816749	0.276119488534653
DUF543	1	1	17435	2392	0.137195296816749	0.276119488534653
DUF92	1	1	17435	2392	0.137195296816749	0.276119488534653
E1_dh	5	2	17435	2392	0.141675275882475	0.276119488534653
E3_UbLigase_R4	1	1	17435	2392	0.137195296816749	0.276119488534653
Eclosion	3	2	17435	2392	0.0512881366029797	0.276119488534653
EGF_3	4	2	17435	2392	0.0933185542234269	0.276119488534653
eIF_4EBP	1	1	17435	2392	0.137195296816749	0.276119488534653
eIF3_p135	1	1	17435	2392	0.137195296816749	0.276119488534653
Endostatin	1	1	17435	2392	0.137195296816749	0.276119488534653
Enolase_C	1	1	17435	2392	0.137195296816749	0.276119488534653
Enolase_N	1	1	17435	2392	0.137195296816749	0.276119488534653
Epimerase	5	2	17435	2392	0.141675275882475	0.276119488534653
ERG4_ERG24	1	1	17435	2392	0.137195296816749	0.276119488534653
ESSS	1	1	17435	2392	0.137195296816749	0.276119488534653
ETC_C1_NDUFA4	1	1	17435	2392	0.137195296816749	0.276119488534653
ETC_C1_NDUFA5	1	1	17435	2392	0.137195296816749	0.276119488534653
F_actin_cap_B	1	1	17435	2392	0.137195296816749	0.276119488534653
FA_desaturase	9	3	17435	2392	0.11456285199681	0.276119488534653
FAA_hydrolase_N	1	1	17435	2392	0.137195296816749	0.276119488534653
FAM110_C	1	1	17435	2392	0.137195296816749	0.276119488534653
FAM177	1	1	17435	2392	0.137195296816749	0.276119488534653
Fascin	1	1	17435	2392	0.137195296816749	0.276119488534653
Fer2_3	1	1	17435	2392	0.137195296816749	0.276119488534653
Fer2_4	1	1	17435	2392	0.137195296816749	0.276119488534653
Fer4_17	1	1	17435	2392	0.137195296816749	0.276119488534653
Fer4_7	1	1	17435	2392	0.137195296816749	0.276119488534653
FEZ	1	1	17435	2392	0.137195296816749	0.276119488534653
Fibrinogen_C	36	9	17435	2392	0.0500445437688147	0.276119488534653
Filamin	5	2	17435	2392	0.141675275882475	0.276119488534653
FMO-like	5	2	17435	2392	0.141675275882475	0.276119488534653
Focal_AT	1	1	17435	2392	0.137195296816749	0.276119488534653
FTHFS	1	1	17435	2392	0.137195296816749	0.276119488534653
Fucosidase_C	1	1	17435	2392	0.137195296816749	0.276119488534653
FumaraseC_C	1	1	17435	2392	0.137195296816749	0.276119488534653
FUN14	1	1	17435	2392	0.137195296816749	0.276119488534653
G2F	1	1	17435	2392	0.137195296816749	0.276119488534653
GDE_C	1	1	17435	2392	0.137195296816749	0.276119488534653
Gln-synt_N	1	1	17435	2392	0.137195296816749	0.276119488534653
GLTSCR1	1	1	17435	2392	0.137195296816749	0.276119488534653
Gly_rich	1	1	17435	2392	0.137195296816749	0.276119488534653
Glyco_hydro_35	3	2	17435	2392	0.0512881366029797	0.276119488534653
Glyco_hydro_56	1	1	17435	2392	0.137195296816749	0.276119488534653
Glyco_hydro_85	1	1	17435	2392	0.137195296816749	0.276119488534653
Glyco_transf_20	1	1	17435	2392	0.137195296816749	0.276119488534653
Glycogen_syn	1	1	17435	2392	0.137195296816749	0.276119488534653
Glycolytic	1	1	17435	2392	0.137195296816749	0.276119488534653
Glyoxalase_4	1	1	17435	2392	0.137195296816749	0.276119488534653
GON	1	1	17435	2392	0.137195296816749	0.276119488534653
Gp_dh_C	1	1	17435	2392	0.137195296816749	0.276119488534653
Gp_dh_N	1	1	17435	2392	0.137195296816749	0.276119488534653
HD_3	1	1	17435	2392	0.137195296816749	0.276119488534653
hDGE_amylase	1	1	17435	2392	0.137195296816749	0.276119488534653
Heme_oxygenase	1	1	17435	2392	0.137195296816749	0.276119488534653
Hemopexin	8	3	17435	2392	0.0847385953594749	0.276119488534653
hGDE_central	1	1	17435	2392	0.137195296816749	0.276119488534653
hGDE_N	1	1	17435	2392	0.137195296816749	0.276119488534653
HgmA	1	1	17435	2392	0.137195296816749	0.276119488534653
HJURP_C	1	1	17435	2392	0.137195296816749	0.276119488534653
HMG-CoA_red	1	1	17435	2392	0.137195296816749	0.276119488534653
HOIP-UBA	1	1	17435	2392	0.137195296816749	0.276119488534653
IER	1	1	17435	2392	0.137195296816749	0.276119488534653
IFRD_C	1	1	17435	2392	0.137195296816749	0.276119488534653
Integrin_b_cyt	1	1	17435	2392	0.137195296816749	0.276119488534653
Integrin_B_tail	1	1	17435	2392	0.137195296816749	0.276119488534653
IPP-2	1	1	17435	2392	0.137195296816749	0.276119488534653
IQ	20	6	17435	2392	0.0464429619246274	0.276119488534653
IRF-2BP1_2	1	1	17435	2392	0.137195296816749	0.276119488534653
JAB	9	3	17435	2392	0.11456285199681	0.276119488534653
JAKMIP_CC3	1	1	17435	2392	0.137195296816749	0.276119488534653
JIP_LZII	1	1	17435	2392	0.137195296816749	0.276119488534653
Jun	1	1	17435	2392	0.137195296816749	0.276119488534653
JUPITER	1	1	17435	2392	0.137195296816749	0.276119488534653
Kinesin_assoc	3	2	17435	2392	0.0512881366029797	0.276119488534653
L_HMGIC_fpl	1	1	17435	2392	0.137195296816749	0.276119488534653
L27_1	1	1	17435	2392	0.137195296816749	0.276119488534653
Laminin_G_3	3	2	17435	2392	0.0512881366029797	0.276119488534653
Laminin_II	1	1	17435	2392	0.137195296816749	0.276119488534653
LCM	1	1	17435	2392	0.137195296816749	0.276119488534653
LIM	30	7	17435	2392	0.107170442780099	0.276119488534653
LIX1	1	1	17435	2392	0.137195296816749	0.276119488534653
LRR_5	12	4	17435	2392	0.0704205905157058	0.276119488534653
LRRFIP	1	1	17435	2392	0.137195296816749	0.276119488534653
Lustrin_cystein	1	1	17435	2392	0.137195296816749	0.276119488534653
Lyase_1	3	2	17435	2392	0.0512881366029797	0.276119488534653
Mab-21	3	2	17435	2392	0.0512881366029797	0.276119488534653
Maf1	1	1	17435	2392	0.137195296816749	0.276119488534653
malic	3	2	17435	2392	0.0512881366029797	0.276119488534653
Malic_M	3	2	17435	2392	0.0512881366029797	0.276119488534653
MDM1	1	1	17435	2392	0.137195296816749	0.276119488534653
Methyltransf_16	4	2	17435	2392	0.0933185542234269	0.276119488534653
Methyltransf_5	1	1	17435	2392	0.137195296816749	0.276119488534653
MFS_1	69	15	17435	2392	0.0449514122738412	0.276119488534653
MitMem_reg	4	2	17435	2392	0.0933185542234269	0.276119488534653
Mitofilin	1	1	17435	2392	0.137195296816749	0.276119488534653
Molybdopterin	1	1	17435	2392	0.137195296816749	0.276119488534653
MORN	5	2	17435	2392	0.141675275882475	0.276119488534653
MRP_L53	1	1	17435	2392	0.137195296816749	0.276119488534653
Mt_ATP-synt_D	1	1	17435	2392	0.137195296816749	0.276119488534653
MTHFR	1	1	17435	2392	0.137195296816749	0.276119488534653
MTP18	1	1	17435	2392	0.137195296816749	0.276119488534653
MWFE	1	1	17435	2392	0.137195296816749	0.276119488534653
Myosin_head	18	5	17435	2392	0.089375593954952	0.276119488534653
Myosin_N	4	2	17435	2392	0.0933185542234269	0.276119488534653
Myosin_tail_1	7	3	17435	2392	0.058816897639424	0.276119488534653
Na_Ca_ex_C	1	1	17435	2392	0.137195296816749	0.276119488534653
Na_K-ATPase	4	2	17435	2392	0.0933185542234269	0.276119488534653
NAD_Gly3P_dh_C	1	1	17435	2392	0.137195296816749	0.276119488534653
NAD_Gly3P_dh_N	1	1	17435	2392	0.137195296816749	0.276119488534653
NADH_4Fe-4S	1	1	17435	2392	0.137195296816749	0.276119488534653
NADH_B2	1	1	17435	2392	0.137195296816749	0.276119488534653
NADH_dehy_S2_C	1	1	17435	2392	0.137195296816749	0.276119488534653
NADH_dhqG_C	1	1	17435	2392	0.137195296816749	0.276119488534653
NADH_oxidored	1	1	17435	2392	0.137195296816749	0.276119488534653
NADH-G_4Fe-4S_3	1	1	17435	2392	0.137195296816749	0.276119488534653
NADH5_C	1	1	17435	2392	0.137195296816749	0.276119488534653
NADHdh	1	1	17435	2392	0.137195296816749	0.276119488534653
NB-ARC	1	1	17435	2392	0.137195296816749	0.276119488534653
NDUF_B12	1	1	17435	2392	0.137195296816749	0.276119488534653
NDUF_B4	1	1	17435	2392	0.137195296816749	0.276119488534653
NDUF_B5	1	1	17435	2392	0.137195296816749	0.276119488534653
NDUF_B6	1	1	17435	2392	0.137195296816749	0.276119488534653
NDUF_B7	1	1	17435	2392	0.137195296816749	0.276119488534653
NDUF_B8	1	1	17435	2392	0.137195296816749	0.276119488534653
NDUF_C2	1	1	17435	2392	0.137195296816749	0.276119488534653
NDUFB10	1	1	17435	2392	0.137195296816749	0.276119488534653
Ndufs5	1	1	17435	2392	0.137195296816749	0.276119488534653
Neur_chan_memb	22	6	17435	2392	0.0705178742257866	0.276119488534653
Nfu_N	1	1	17435	2392	0.137195296816749	0.276119488534653
NifU	1	1	17435	2392	0.137195296816749	0.276119488534653
NOD	1	1	17435	2392	0.137195296816749	0.276119488534653
NODP	1	1	17435	2392	0.137195296816749	0.276119488534653
Not1	1	1	17435	2392	0.137195296816749	0.276119488534653
NPL4	1	1	17435	2392	0.137195296816749	0.276119488534653
OLF	1	1	17435	2392	0.137195296816749	0.276119488534653
OSCP	1	1	17435	2392	0.137195296816749	0.276119488534653
Oxidored_q2	1	1	17435	2392	0.137195296816749	0.276119488534653
Oxidored_q3	1	1	17435	2392	0.137195296816749	0.276119488534653
Oxidored_q4	1	1	17435	2392	0.137195296816749	0.276119488534653
Oxidored_q5_N	1	1	17435	2392	0.137195296816749	0.276119488534653
P_proprotein	3	2	17435	2392	0.0512881366029797	0.276119488534653
PALP	4	2	17435	2392	0.0933185542234269	0.276119488534653
PAN_1	5	2	17435	2392	0.141675275882475	0.276119488534653
Patched	5	2	17435	2392	0.141675275882475	0.276119488534653
Pentaxin	1	1	17435	2392	0.137195296816749	0.276119488534653
Peptidase_C1_2	1	1	17435	2392	0.137195296816749	0.276119488534653
Peptidase_C69	1	1	17435	2392	0.137195296816749	0.276119488534653
Peptidase_M10	8	3	17435	2392	0.0847385953594749	0.276119488534653
Peptidase_M8	1	1	17435	2392	0.137195296816749	0.276119488534653
Peptidase_S8	5	2	17435	2392	0.141675275882475	0.276119488534653
PFK	1	1	17435	2392	0.137195296816749	0.276119488534653
PG_binding_1	4	2	17435	2392	0.0933185542234269	0.276119488534653
PGI	1	1	17435	2392	0.137195296816749	0.276119488534653
PGK	1	1	17435	2392	0.137195296816749	0.276119488534653
PHO4	1	1	17435	2392	0.137195296816749	0.276119488534653
Phosphorylase	1	1	17435	2392	0.137195296816749	0.276119488534653
PhyH	1	1	17435	2392	0.137195296816749	0.276119488534653
PK_C	1	1	17435	2392	0.137195296816749	0.276119488534653
PLAC	4	2	17435	2392	0.0933185542234269	0.276119488534653
PMP22_Claudin	1	1	17435	2392	0.137195296816749	0.276119488534653
Polysacc_deac_1	3	2	17435	2392	0.0512881366029797	0.276119488534653
PP1_inhibitor	1	1	17435	2392	0.137195296816749	0.276119488534653
Pro_dh	1	1	17435	2392	0.137195296816749	0.276119488534653
PTN_MK_C	1	1	17435	2392	0.137195296816749	0.276119488534653
Put_Phosphatase	1	1	17435	2392	0.137195296816749	0.276119488534653
PYC_OADA	1	1	17435	2392	0.137195296816749	0.276119488534653
RBFA	1	1	17435	2392	0.137195296816749	0.276119488534653
Redoxin	1	1	17435	2392	0.137195296816749	0.276119488534653
Reprolysin_3	1	1	17435	2392	0.137195296816749	0.276119488534653
Reticulon	1	1	17435	2392	0.137195296816749	0.276119488534653
RHS_repeat	1	1	17435	2392	0.137195296816749	0.276119488534653
RIC3	1	1	17435	2392	0.137195296816749	0.276119488534653
RIP	1	1	17435	2392	0.137195296816749	0.276119488534653
RPN13_C	1	1	17435	2392	0.137195296816749	0.276119488534653
Rpn3_C	1	1	17435	2392	0.137195296816749	0.276119488534653
RR_TM4-6	1	1	17435	2392	0.137195296816749	0.276119488534653
RyR	1	1	17435	2392	0.137195296816749	0.276119488534653
S36_mt	1	1	17435	2392	0.137195296816749	0.276119488534653
S8_pro-domain	4	2	17435	2392	0.0933185542234269	0.276119488534653
SAICAR_synt	1	1	17435	2392	0.137195296816749	0.276119488534653
SDF	4	2	17435	2392	0.0933185542234269	0.276119488534653
Sdh_cyt	1	1	17435	2392	0.137195296816749	0.276119488534653
Serinc	1	1	17435	2392	0.137195296816749	0.276119488534653
SGS	1	1	17435	2392	0.137195296816749	0.276119488534653
SH3BGR	1	1	17435	2392	0.137195296816749	0.276119488534653
Shal-type	1	1	17435	2392	0.137195296816749	0.276119488534653
SIS	1	1	17435	2392	0.137195296816749	0.276119488534653
SLBB	1	1	17435	2392	0.137195296816749	0.276119488534653
Smoothelin	1	1	17435	2392	0.137195296816749	0.276119488534653
SNF	19	5	17435	2392	0.108212469857228	0.276119488534653
Sod_Cu	7	3	17435	2392	0.058816897639424	0.276119488534653
SOGA	1	1	17435	2392	0.137195296816749	0.276119488534653
Somatomedin_B	3	2	17435	2392	0.0512881366029797	0.276119488534653
Sorb	1	1	17435	2392	0.137195296816749	0.276119488534653
SPARC_Ca_bdg	3	2	17435	2392	0.0512881366029797	0.276119488534653
SRCR	3	2	17435	2392	0.0512881366029797	0.276119488534653
SRR1	1	1	17435	2392	0.137195296816749	0.276119488534653
STAR_dimer	1	1	17435	2392	0.137195296816749	0.276119488534653
Stork_head	1	1	17435	2392	0.137195296816749	0.276119488534653
Succ_DH_flav_C	1	1	17435	2392	0.137195296816749	0.276119488534653
SVWC	4	2	17435	2392	0.0933185542234269	0.276119488534653
Synapsin	1	1	17435	2392	0.137195296816749	0.276119488534653
Synapsin_C	1	1	17435	2392	0.137195296816749	0.276119488534653
Syndecan	1	1	17435	2392	0.137195296816749	0.276119488534653
Tcp11	1	1	17435	2392	0.137195296816749	0.276119488534653
Tet_JBP	1	1	17435	2392	0.137195296816749	0.276119488534653
TIM	1	1	17435	2392	0.137195296816749	0.276119488534653
TMEM132D_N	1	1	17435	2392	0.137195296816749	0.276119488534653
Tox-GHH	1	1	17435	2392	0.137195296816749	0.276119488534653
TPR_10	5	2	17435	2392	0.141675275882475	0.276119488534653
Transferrin	4	2	17435	2392	0.0933185542234269	0.276119488534653
Transket_pyr	5	2	17435	2392	0.141675275882475	0.276119488534653
Transmemb_17	1	1	17435	2392	0.137195296816749	0.276119488534653
TRIC	1	1	17435	2392	0.137195296816749	0.276119488534653
Tropomodulin	1	1	17435	2392	0.137195296816749	0.276119488534653
Tubulin-binding	1	1	17435	2392	0.137195296816749	0.276119488534653
Ubiq_cyt_C_chap	1	1	17435	2392	0.137195296816749	0.276119488534653
UCR_14kD	1	1	17435	2392	0.137195296816749	0.276119488534653
UCR_hinge	1	1	17435	2392	0.137195296816749	0.276119488534653
UCR_TM	1	1	17435	2392	0.137195296816749	0.276119488534653
UCR_UQCRX_QCR9	1	1	17435	2392	0.137195296816749	0.276119488534653
UcrQ	1	1	17435	2392	0.137195296816749	0.276119488534653
UFD1	1	1	17435	2392	0.137195296816749	0.276119488534653
UMPH-1	1	1	17435	2392	0.137195296816749	0.276119488534653
UN_NPL4	1	1	17435	2392	0.137195296816749	0.276119488534653
Urm1	1	1	17435	2392	0.137195296816749	0.276119488534653
V-set	20	5	17435	2392	0.128802305834762	0.276119488534653
Vg_Tdu	1	1	17435	2392	0.137195296816749	0.276119488534653
VGLL4	1	1	17435	2392	0.137195296816749	0.276119488534653
Vitellogenin_N	9	3	17435	2392	0.11456285199681	0.276119488534653
VWA	5	2	17435	2392	0.141675275882475	0.276119488534653
WH2	5	2	17435	2392	0.141675275882475	0.276119488534653
XendoU	1	1	17435	2392	0.137195296816749	0.276119488534653
zf-3CxxC_2	1	1	17435	2392	0.137195296816749	0.276119488534653
zf-CHCC	1	1	17435	2392	0.137195296816749	0.276119488534653
zf-NPL4	1	1	17435	2392	0.137195296816749	0.276119488534653
zf-TRAF	1	1	17435	2392	0.137195296816749	0.276119488534653
zf-UBR	5	2	17435	2392	0.141675275882475	0.276119488534653
ZU5	5	2	17435	2392	0.141675275882475	0.276119488534653
DAO	10	3	17435	2392	0.147651390662354	0.286682831964007
Na_Ca_ex	10	3	17435	2392	0.147651390662354	0.286682831964007
AAA	39	8	17435	2392	0.157249648735697	0.304745089937037
RA	16	4	17435	2392	0.167095104621102	0.323217735205172
FERM_M	22	5	17435	2392	0.174686612456122	0.337269470865659
Acyl_transf_3	34	7	17435	2392	0.176460875424629	0.340058247780921
AA_permease_2	11	3	17435	2392	0.183341438537184	0.351347626639102
Aldo_ket_red	11	3	17435	2392	0.183341438537184	0.351347626639102
Peptidase_C1	11	3	17435	2392	0.183341438537184	0.351347626639102
Aminotran_5	6	2	17435	2392	0.193832841412601	0.362031991841289
Annexin	6	2	17435	2392	0.193832841412601	0.362031991841289
Cu2_monoox_C	6	2	17435	2392	0.193832841412601	0.362031991841289
Cu2_monooxygen	6	2	17435	2392	0.193832841412601	0.362031991841289
Cullin	6	2	17435	2392	0.193832841412601	0.362031991841289
GCV_T	6	2	17435	2392	0.193832841412601	0.362031991841289
GCV_T_C	6	2	17435	2392	0.193832841412601	0.362031991841289
GPHH	6	2	17435	2392	0.193832841412601	0.362031991841289
His_Phos_1	6	2	17435	2392	0.193832841412601	0.362031991841289
Homeobox_KN	6	2	17435	2392	0.193832841412601	0.362031991841289
Inositol_P	6	2	17435	2392	0.193832841412601	0.362031991841289
MyTH4	6	2	17435	2392	0.193832841412601	0.362031991841289
SAM_PNT	6	2	17435	2392	0.193832841412601	0.362031991841289
Thyroglobulin_1	6	2	17435	2392	0.193832841412601	0.362031991841289
ANF_receptor	23	5	17435	2392	0.199655815871339	0.372233537365914
Sugar_tr	61	11	17435	2392	0.208438771754601	0.387906811694934
Aconitase	2	1	17435	2392	0.255574833928963	0.388639607346254
Aconitase_C	2	1	17435	2392	0.255574833928963	0.388639607346254
ACT	2	1	17435	2392	0.255574833928963	0.388639607346254
Acylphosphatase	2	1	17435	2392	0.255574833928963	0.388639607346254
Aldedh	12	3	17435	2392	0.22098172121101	0.388639607346254
AMMECR1	2	1	17435	2392	0.255574833928963	0.388639607346254
ATP-synt_A	2	1	17435	2392	0.255574833928963	0.388639607346254
ATP-synt_DE_N	2	1	17435	2392	0.255574833928963	0.388639607346254
ATP-synt_S1	2	1	17435	2392	0.255574833928963	0.388639607346254
BK_channel_a	2	1	17435	2392	0.255574833928963	0.388639607346254
CAP_GLY	7	2	17435	2392	0.247839218921871	0.388639607346254
Carboxyl_trans	2	1	17435	2392	0.255574833928963	0.388639607346254
CDK5_activator	2	1	17435	2392	0.255574833928963	0.388639607346254
CEBP_ZZ	2	1	17435	2392	0.255574833928963	0.388639607346254
Ceramidase_alk	2	1	17435	2392	0.255574833928963	0.388639607346254
Ceramidse_alk_C	2	1	17435	2392	0.255574833928963	0.388639607346254
Chitin_synth_2	2	1	17435	2392	0.255574833928963	0.388639607346254
CitMHS	2	1	17435	2392	0.255574833928963	0.388639607346254
CLCA	2	1	17435	2392	0.255574833928963	0.388639607346254
CLP1_P	2	1	17435	2392	0.255574833928963	0.388639607346254
Complex1_LYR	7	2	17435	2392	0.247839218921871	0.388639607346254
COX5A	2	1	17435	2392	0.255574833928963	0.388639607346254
CP2	2	1	17435	2392	0.255574833928963	0.388639607346254
Cu-oxidase	7	2	17435	2392	0.247839218921871	0.388639607346254
Cu-oxidase_2	7	2	17435	2392	0.247839218921871	0.388639607346254
Cu-oxidase_3	7	2	17435	2392	0.247839218921871	0.388639607346254
CUT	2	1	17435	2392	0.255574833928963	0.388639607346254
CutA1	2	1	17435	2392	0.255574833928963	0.388639607346254
CybS	2	1	17435	2392	0.255574833928963	0.388639607346254
Cytochrom_C	2	1	17435	2392	0.255574833928963	0.388639607346254
DAGK_cat	7	2	17435	2392	0.247839218921871	0.388639607346254
Deltameth_res	2	1	17435	2392	0.255574833928963	0.388639607346254
dNK	2	1	17435	2392	0.255574833928963	0.388639607346254
DUF1279	2	1	17435	2392	0.255574833928963	0.388639607346254
DUF1325	2	1	17435	2392	0.255574833928963	0.388639607346254
DUF3421	7	2	17435	2392	0.247839218921871	0.388639607346254
DUF4205	2	1	17435	2392	0.255574833928963	0.388639607346254
DUF4774	2	1	17435	2392	0.255574833928963	0.388639607346254
DUF971	2	1	17435	2392	0.255574833928963	0.388639607346254
Dynamin_M	2	1	17435	2392	0.255574833928963	0.388639607346254
EFhand_Ca_insen	2	1	17435	2392	0.255574833928963	0.388639607346254
EHD_N	2	1	17435	2392	0.255574833928963	0.388639607346254
EMI	2	1	17435	2392	0.255574833928963	0.388639607346254
ER_lumen_recept	2	1	17435	2392	0.255574833928963	0.388639607346254
Fe-S_biosyn	2	1	17435	2392	0.255574833928963	0.388639607346254
FGGY_C	7	2	17435	2392	0.247839218921871	0.388639607346254
FGGY_N	7	2	17435	2392	0.247839218921871	0.388639607346254
Flot	2	1	17435	2392	0.255574833928963	0.388639607346254
Formyl_trans_C	2	1	17435	2392	0.255574833928963	0.388639607346254
FYVE_2	2	1	17435	2392	0.255574833928963	0.388639607346254
GAS2	2	1	17435	2392	0.255574833928963	0.388639607346254
GATase_6	2	1	17435	2392	0.255574833928963	0.388639607346254
GBP	2	1	17435	2392	0.255574833928963	0.388639607346254
GED	2	1	17435	2392	0.255574833928963	0.388639607346254
Gln-synt_C	2	1	17435	2392	0.255574833928963	0.388639607346254
Glyco_hydro_1	7	2	17435	2392	0.247839218921871	0.388639607346254
Glyco_transf_8	2	1	17435	2392	0.255574833928963	0.388639607346254
Glypican	2	1	17435	2392	0.255574833928963	0.388639607346254
GRIM-19	2	1	17435	2392	0.255574833928963	0.388639607346254
GTP_EFTU_D3	7	2	17435	2392	0.247839218921871	0.388639607346254
HIG_1_N	2	1	17435	2392	0.255574833928963	0.388639607346254
HMGL-like	2	1	17435	2392	0.255574833928963	0.388639607346254
HSP20	18	4	17435	2392	0.22676331070116	0.388639607346254
Hydrolase_3	2	1	17435	2392	0.255574833928963	0.388639607346254
IATP	2	1	17435	2392	0.255574833928963	0.388639607346254
IFRD	2	1	17435	2392	0.255574833928963	0.388639607346254
IMD	2	1	17435	2392	0.255574833928963	0.388639607346254
Inhibitor_I29	7	2	17435	2392	0.247839218921871	0.388639607346254
Ins145_P3_rec	2	1	17435	2392	0.255574833928963	0.388639607346254
Jnk-SapK_ap_N	2	1	17435	2392	0.255574833928963	0.388639607346254
Lamp	2	1	17435	2392	0.255574833928963	0.388639607346254
Lig_chan-Glu_bd	18	4	17435	2392	0.22676331070116	0.388639607346254
Lipase_3	2	1	17435	2392	0.255574833928963	0.388639607346254
LRRCT	2	1	17435	2392	0.255574833928963	0.388639607346254
Macro	2	1	17435	2392	0.255574833928963	0.388639607346254
MATH	7	2	17435	2392	0.247839218921871	0.388639607346254
Meis_PKNOX_N	2	1	17435	2392	0.255574833928963	0.388639607346254
Melibiase_2	2	1	17435	2392	0.255574833928963	0.388639607346254
Melibiase_2_C	2	1	17435	2392	0.255574833928963	0.388639607346254
Mt_ATP-synt_B	2	1	17435	2392	0.255574833928963	0.388639607346254
Mtc	2	1	17435	2392	0.255574833928963	0.388639607346254
Ndr	2	1	17435	2392	0.255574833928963	0.388639607346254
NDUFV3	2	1	17435	2392	0.255574833928963	0.388639607346254
NIDO	2	1	17435	2392	0.255574833928963	0.388639607346254
Notch	2	1	17435	2392	0.255574833928963	0.388639607346254
OHCU_decarbox	2	1	17435	2392	0.255574833928963	0.388639607346254
OxoGdeHyase_C	2	1	17435	2392	0.255574833928963	0.388639607346254
Palm_thioest	2	1	17435	2392	0.255574833928963	0.388639607346254
PARG_cat	2	1	17435	2392	0.255574833928963	0.388639607346254
Pentapeptide_4	2	1	17435	2392	0.255574833928963	0.388639607346254
Peptidase_C97	2	1	17435	2392	0.255574833928963	0.388639607346254
PGM_PMM_II	2	1	17435	2392	0.255574833928963	0.388639607346254
PGM_PMM_III	2	1	17435	2392	0.255574833928963	0.388639607346254
Phosducin	2	1	17435	2392	0.255574833928963	0.388639607346254
PK	2	1	17435	2392	0.255574833928963	0.388639607346254
PRA1	2	1	17435	2392	0.255574833928963	0.388639607346254
Proteasom_Rpn13	2	1	17435	2392	0.255574833928963	0.388639607346254
Pyr_redox_dim	2	1	17435	2392	0.255574833928963	0.388639607346254
QVR	2	1	17435	2392	0.255574833928963	0.388639607346254
RBD-FIP	2	1	17435	2392	0.255574833928963	0.388639607346254
RIH_assoc	2	1	17435	2392	0.255574833928963	0.388639607346254
RRM_7	2	1	17435	2392	0.255574833928963	0.388639607346254
RYDR_ITPR	2	1	17435	2392	0.255574833928963	0.388639607346254
Sdh5	2	1	17435	2392	0.255574833928963	0.388639607346254
SERTA	2	1	17435	2392	0.255574833928963	0.388639607346254
SHIPPO-rpt	2	1	17435	2392	0.255574833928963	0.388639607346254
SNARE	7	2	17435	2392	0.247839218921871	0.388639607346254
Sprouty	2	1	17435	2392	0.255574833928963	0.388639607346254
SRCR_2	2	1	17435	2392	0.255574833928963	0.388639607346254
SRF-TF	2	1	17435	2392	0.255574833928963	0.388639607346254
Syntaxin_2	2	1	17435	2392	0.255574833928963	0.388639607346254
TauD	2	1	17435	2392	0.255574833928963	0.388639607346254
THF_DHG_CYH	2	1	17435	2392	0.255574833928963	0.388639607346254
THF_DHG_CYH_C	2	1	17435	2392	0.255574833928963	0.388639607346254
TIR	12	3	17435	2392	0.22098172121101	0.388639607346254
TIR_2	2	1	17435	2392	0.255574833928963	0.388639607346254
TMEM132	2	1	17435	2392	0.255574833928963	0.388639607346254
TMEM132D_C	2	1	17435	2392	0.255574833928963	0.388639607346254
Tweety	2	1	17435	2392	0.255574833928963	0.388639607346254
Ubiquitin_2	2	1	17435	2392	0.255574833928963	0.388639607346254
Ufd2P_core	2	1	17435	2392	0.255574833928963	0.388639607346254
UPF0640	2	1	17435	2392	0.255574833928963	0.388639607346254
V-ATPase_G	2	1	17435	2392	0.255574833928963	0.388639607346254
zf-CCHC_2	2	1	17435	2392	0.255574833928963	0.388639607346254
Kelch_1	13	3	17435	2392	0.25995668600823	0.394720682289374
LRR_6	26	5	17435	2392	0.280489595742066	0.424024594149662
Peptidase_M14	26	5	17435	2392	0.280489595742066	0.424024594149662
SH3_9	26	5	17435	2392	0.280489595742066	0.424024594149662
F-box	14	3	17435	2392	0.299701827445681	0.451084064374448
Proteasome	14	3	17435	2392	0.299701827445681	0.451084064374448
Tubulin_C	14	3	17435	2392	0.299701827445681	0.451084064374448
Calpain_III	8	2	17435	2392	0.302206093442671	0.452212601363416
Cytochrom_B561	8	2	17435	2392	0.302206093442671	0.452212601363416
Gelsolin	8	2	17435	2392	0.302206093442671	0.452212601363416
Ldl_recept_b	8	2	17435	2392	0.302206093442671	0.452212601363416
SH3_1	27	5	17435	2392	0.308782078486934	0.461383076695694
2OG-FeII_Oxy	3	1	17435	2392	0.357718182591953	0.476495408594708
ABC1	3	1	17435	2392	0.357718182591953	0.476495408594708
Acyl_transf_1	3	1	17435	2392	0.357718182591953	0.476495408594708
ATP-gua_Ptrans	3	1	17435	2392	0.357718182591953	0.476495408594708
ATP-synt_C	3	1	17435	2392	0.357718182591953	0.476495408594708
B12D	3	1	17435	2392	0.357718182591953	0.476495408594708
Bestrophin	3	1	17435	2392	0.357718182591953	0.476495408594708
BPL_LplA_LipB	3	1	17435	2392	0.357718182591953	0.476495408594708
Cadherin_C	3	1	17435	2392	0.357718182591953	0.476495408594708
CarboxypepD_reg	3	1	17435	2392	0.357718182591953	0.476495408594708
COX6B	3	1	17435	2392	0.357718182591953	0.476495408594708
Creatinase_N	3	1	17435	2392	0.357718182591953	0.476495408594708
Creatinase_N_2	3	1	17435	2392	0.357718182591953	0.476495408594708
Ctr	3	1	17435	2392	0.357718182591953	0.476495408594708
Cullin_binding	3	1	17435	2392	0.357718182591953	0.476495408594708
Cuticle_3	3	1	17435	2392	0.357718182591953	0.476495408594708
DUF229	3	1	17435	2392	0.357718182591953	0.476495408594708
DUF4789	3	1	17435	2392	0.357718182591953	0.476495408594708
DUF727	3	1	17435	2392	0.357718182591953	0.476495408594708
EF-hand_8	15	3	17435	2392	0.339712377573059	0.476495408594708
Ets	9	2	17435	2392	0.355818448141488	0.476495408594708
Exostosin	3	1	17435	2392	0.357718182591953	0.476495408594708
F420_oxidored	3	1	17435	2392	0.357718182591953	0.476495408594708
FAA_hydrolase	3	1	17435	2392	0.357718182591953	0.476495408594708
Fam20C	3	1	17435	2392	0.357718182591953	0.476495408594708
FG-GAP	3	1	17435	2392	0.357718182591953	0.476495408594708
Formyl_trans_N	3	1	17435	2392	0.357718182591953	0.476495408594708
Frag1	3	1	17435	2392	0.357718182591953	0.476495408594708
Furin-like	3	1	17435	2392	0.357718182591953	0.476495408594708
Gal_Lectin	3	1	17435	2392	0.357718182591953	0.476495408594708
GFO_IDH_MocA	3	1	17435	2392	0.357718182591953	0.476495408594708
Glyco_tran_10_N	3	1	17435	2392	0.357718182591953	0.476495408594708
Glyco_transf_10	3	1	17435	2392	0.357718182591953	0.476495408594708
Glyco_transf_64	3	1	17435	2392	0.357718182591953	0.476495408594708
Grp7_allergen	3	1	17435	2392	0.357718182591953	0.476495408594708
GST_N	9	2	17435	2392	0.355818448141488	0.476495408594708
HAD_2	3	1	17435	2392	0.357718182591953	0.476495408594708
HEAT_2	3	1	17435	2392	0.357718182591953	0.476495408594708
Integrin_beta	3	1	17435	2392	0.357718182591953	0.476495408594708
Isochorismatase	3	1	17435	2392	0.357718182591953	0.476495408594708
IU_nuc_hydro	3	1	17435	2392	0.357718182591953	0.476495408594708
Ldh_1_C	3	1	17435	2392	0.357718182591953	0.476495408594708
Ldh_1_N	3	1	17435	2392	0.357718182591953	0.476495408594708
LPMO_10	3	1	17435	2392	0.357718182591953	0.476495408594708
LRR_4	9	2	17435	2392	0.355818448141488	0.476495408594708
Mpv17_PMP22	9	2	17435	2392	0.355818448141488	0.476495408594708
Nucleoside_tran	3	1	17435	2392	0.357718182591953	0.476495408594708
P4Ha_N	3	1	17435	2392	0.357718182591953	0.476495408594708
P5CR_dimer	3	1	17435	2392	0.357718182591953	0.476495408594708
PAS	9	2	17435	2392	0.355818448141488	0.476495408594708
PEPCK_C	3	1	17435	2392	0.357718182591953	0.476495408594708
PEPCK_N	3	1	17435	2392	0.357718182591953	0.476495408594708
Peptidase_C12	3	1	17435	2392	0.357718182591953	0.476495408594708
Peptidase_C2	9	2	17435	2392	0.355818448141488	0.476495408594708
Peptidase_C54	3	1	17435	2392	0.357718182591953	0.476495408594708
Peptidase_M24_C	3	1	17435	2392	0.357718182591953	0.476495408594708
PET	3	1	17435	2392	0.357718182591953	0.476495408594708
PGM_PMM_I	3	1	17435	2392	0.357718182591953	0.476495408594708
PGM_PMM_IV	3	1	17435	2392	0.357718182591953	0.476495408594708
PID_2	3	1	17435	2392	0.357718182591953	0.476495408594708
PNP_UDP_1	3	1	17435	2392	0.357718182591953	0.476495408594708
PseudoU_synth_1	3	1	17435	2392	0.357718182591953	0.476495408594708
PSI_integrin	3	1	17435	2392	0.357718182591953	0.476495408594708
Recep_L_domain	3	1	17435	2392	0.357718182591953	0.476495408594708
Ribosomal_L16	3	1	17435	2392	0.357718182591953	0.476495408594708
Rieske	3	1	17435	2392	0.357718182591953	0.476495408594708
RPN7	3	1	17435	2392	0.357718182591953	0.476495408594708
S-methyl_trans	3	1	17435	2392	0.357718182591953	0.476495408594708
Ski_Sno	3	1	17435	2392	0.357718182591953	0.476495408594708
Sod_Fe_C	3	1	17435	2392	0.357718182591953	0.476495408594708
Sod_Fe_N	3	1	17435	2392	0.357718182591953	0.476495408594708
Spectrin	9	2	17435	2392	0.355818448141488	0.476495408594708
Sulfatase	9	2	17435	2392	0.355818448141488	0.476495408594708
Syntaxin	3	1	17435	2392	0.357718182591953	0.476495408594708
TM2	3	1	17435	2392	0.357718182591953	0.476495408594708
Transglut_C	3	1	17435	2392	0.357718182591953	0.476495408594708
Transglut_core	3	1	17435	2392	0.357718182591953	0.476495408594708
Transglut_N	3	1	17435	2392	0.357718182591953	0.476495408594708
Transketolase_C	3	1	17435	2392	0.357718182591953	0.476495408594708
Tub	3	1	17435	2392	0.357718182591953	0.476495408594708
VGCC_alpha2	3	1	17435	2392	0.357718182591953	0.476495408594708
VWA_2	3	1	17435	2392	0.357718182591953	0.476495408594708
VWA_N	3	1	17435	2392	0.357718182591953	0.476495408594708
WIF	3	1	17435	2392	0.357718182591953	0.476495408594708
Ion_trans	43	7	17435	2392	0.375958835256638	0.50014652793496
Arrestin_C	23	4	17435	2392	0.389833292513621	0.51461987782528
Arrestin_N	23	4	17435	2392	0.389833292513621	0.51461987782528
C1_1	23	4	17435	2392	0.389833292513621	0.51461987782528
Tetraspannin	23	4	17435	2392	0.389833292513621	0.51461987782528
UCH	23	4	17435	2392	0.389833292513621	0.51461987782528
zf-MYND	23	4	17435	2392	0.389833292513621	0.51461987782528
Ank_2	93	14	17435	2392	0.398151967202229	0.524929255991685
Pkinase_Tyr	51	8	17435	2392	0.400494851645447	0.527343795717057
Fz	10	2	17435	2392	0.407860212511271	0.534992212594301
GTP_EFTU_D2	10	2	17435	2392	0.407860212511271	0.534992212594301
Kazal_2	10	2	17435	2392	0.407860212511271	0.534992212594301
Sulfotransfer_1	17	3	17435	2392	0.418828795560354	0.548681687703589
AAA_16	4	1	17435	2392	0.445851392048129	0.551828073471333
ADAM_CR	4	1	17435	2392	0.445851392048129	0.551828073471333
ATP-gua_PtransN	4	1	17435	2392	0.445851392048129	0.551828073471333
BSD	4	1	17435	2392	0.445851392048129	0.551828073471333
Calponin	4	1	17435	2392	0.445851392048129	0.551828073471333
Cation_ATPase_C	4	1	17435	2392	0.445851392048129	0.551828073471333
Cation_ATPase_N	4	1	17435	2392	0.445851392048129	0.551828073471333
cEGF	4	1	17435	2392	0.445851392048129	0.551828073471333
Choline_transpo	4	1	17435	2392	0.445851392048129	0.551828073471333
CSD	4	1	17435	2392	0.445851392048129	0.551828073471333
CTP_transf_like	4	1	17435	2392	0.445851392048129	0.551828073471333
DUF1899	4	1	17435	2392	0.445851392048129	0.551828073471333
DUF3585	4	1	17435	2392	0.445851392048129	0.551828073471333
DUF4728	4	1	17435	2392	0.445851392048129	0.551828073471333
DUF829	4	1	17435	2392	0.445851392048129	0.551828073471333
EF-hand_6	4	1	17435	2392	0.445851392048129	0.551828073471333
FAO_M	4	1	17435	2392	0.445851392048129	0.551828073471333
GDP_Man_Dehyd	4	1	17435	2392	0.445851392048129	0.551828073471333
Glyco_transf_43	4	1	17435	2392	0.445851392048129	0.551828073471333
HlyIII	4	1	17435	2392	0.445851392048129	0.551828073471333
HNOB	4	1	17435	2392	0.445851392048129	0.551828073471333
HRM	4	1	17435	2392	0.445851392048129	0.551828073471333
Integrin_alpha2	4	1	17435	2392	0.445851392048129	0.551828073471333
IRK	4	1	17435	2392	0.445851392048129	0.551828073471333
L51_S25_CI-B8	4	1	17435	2392	0.445851392048129	0.551828073471333
LisH	4	1	17435	2392	0.445851392048129	0.551828073471333
MH2	4	1	17435	2392	0.445851392048129	0.551828073471333
MIB_HERC2	4	1	17435	2392	0.445851392048129	0.551828073471333
Mob1_phocein	4	1	17435	2392	0.445851392048129	0.551828073471333
MOSC	4	1	17435	2392	0.445851392048129	0.551828073471333
MOSC_N	4	1	17435	2392	0.445851392048129	0.551828073471333
Na_sulph_symp	4	1	17435	2392	0.445851392048129	0.551828073471333
Oxysterol_BP	4	1	17435	2392	0.445851392048129	0.551828073471333
PAS_3	4	1	17435	2392	0.445851392048129	0.551828073471333
PfkB	4	1	17435	2392	0.445851392048129	0.551828073471333
Pou	4	1	17435	2392	0.445851392048129	0.551828073471333
PRELI	4	1	17435	2392	0.445851392048129	0.551828073471333
Ribonuc_L-PSP	4	1	17435	2392	0.445851392048129	0.551828073471333
Septin	4	1	17435	2392	0.445851392048129	0.551828073471333
START	4	1	17435	2392	0.445851392048129	0.551828073471333
UQ_con	24	4	17435	2392	0.422652341549616	0.551828073471333
Vinculin	4	1	17435	2392	0.445851392048129	0.551828073471333
WD40_4	4	1	17435	2392	0.445851392048129	0.551828073471333
Yippee-Mis18	4	1	17435	2392	0.445851392048129	0.551828073471333
zf-AN1	4	1	17435	2392	0.445851392048129	0.551828073471333
zf-C2HC_2	4	1	17435	2392	0.445851392048129	0.551828073471333
Mito_carr	39	6	17435	2392	0.449718491178608	0.555946959718399
AMP-binding_C	32	5	17435	2392	0.452399602862603	0.558591605450712
Ank_5	11	2	17435	2392	0.457753273394401	0.563178549963756
FA_hydroxylase	11	2	17435	2392	0.457753273394401	0.563178549963756
Pyridoxal_deC	11	2	17435	2392	0.457753273394401	0.563178549963756
PH	47	7	17435	2392	0.470519741015837	0.578195295574885
2OG-FeII_Oxy_3	5	1	17435	2392	0.521895421089542	0.614941919020935
AA_permease_C	5	1	17435	2392	0.521895421089542	0.614941919020935
Acyl-CoA_dh_1	12	2	17435	2392	0.505107583831079	0.614941919020935
Acyl-CoA_dh_N	12	2	17435	2392	0.505107583831079	0.614941919020935
Adap_comp_sub	5	1	17435	2392	0.521895421089542	0.614941919020935
Alpha-mann_mid	5	1	17435	2392	0.521895421089542	0.614941919020935
Aminotran_1_2	12	2	17435	2392	0.505107583831079	0.614941919020935
Ank_3	5	1	17435	2392	0.521895421089542	0.614941919020935
Bax1-I	5	1	17435	2392	0.521895421089542	0.614941919020935
BTB_2	12	2	17435	2392	0.505107583831079	0.614941919020935
CLTH	5	1	17435	2392	0.521895421089542	0.614941919020935
DENN	5	1	17435	2392	0.521895421089542	0.614941919020935
DnaJ_C	5	1	17435	2392	0.521895421089542	0.614941919020935
EB	5	1	17435	2392	0.521895421089542	0.614941919020935
Glutaredoxin	5	1	17435	2392	0.521895421089542	0.614941919020935
Glyco_hydro_38	5	1	17435	2392	0.521895421089542	0.614941919020935
Glyco_hydro_38C	5	1	17435	2392	0.521895421089542	0.614941919020935
Glyco_transf_92	5	1	17435	2392	0.521895421089542	0.614941919020935
Lys	5	1	17435	2392	0.521895421089542	0.614941919020935
Otopetrin	5	1	17435	2392	0.521895421089542	0.614941919020935
Peptidase_M16	5	1	17435	2392	0.521895421089542	0.614941919020935
Peptidase_M19	5	1	17435	2392	0.521895421089542	0.614941919020935
Peptidase_S10	5	1	17435	2392	0.521895421089542	0.614941919020935
PI-PLC-X	5	1	17435	2392	0.521895421089542	0.614941919020935
PQ-loop	5	1	17435	2392	0.521895421089542	0.614941919020935
RasGAP	5	1	17435	2392	0.521895421089542	0.614941919020935
RHD_DNA_bind	5	1	17435	2392	0.521895421089542	0.614941919020935
RhoGEF	27	4	17435	2392	0.517697986821872	0.614941919020935
Sec1	5	1	17435	2392	0.521895421089542	0.614941919020935
SGL	5	1	17435	2392	0.521895421089542	0.614941919020935
SLC12	5	1	17435	2392	0.521895421089542	0.614941919020935
Sterol-sensing	5	1	17435	2392	0.521895421089542	0.614941919020935
Thiolase_C	5	1	17435	2392	0.521895421089542	0.614941919020935
Thiolase_N	5	1	17435	2392	0.521895421089542	0.614941919020935
uDENN	5	1	17435	2392	0.521895421089542	0.614941919020935
VWC	5	1	17435	2392	0.521895421089542	0.614941919020935
C2	42	6	17435	2392	0.524946858341711	0.61783129103916
E1_DerP2_DerF2	20	3	17435	2392	0.530486480298182	0.623639180373347
DSPc	13	2	17435	2392	0.549680474344324	0.644000646646589
SPRY	13	2	17435	2392	0.549680474344324	0.644000646646589
TPR_12	13	2	17435	2392	0.549680474344324	0.644000646646589
Aa_trans	21	3	17435	2392	0.564958412413637	0.660399232651315
ABC_membrane	21	3	17435	2392	0.564958412413637	0.660399232651315
AA_permease	6	1	17435	2392	0.58750793702493	0.667093263295928
Amidase	6	1	17435	2392	0.58750793702493	0.667093263295928
Anoctamin	6	1	17435	2392	0.58750793702493	0.667093263295928
C2-set_2	29	4	17435	2392	0.576772814363602	0.667093263295928
Disintegrin	6	1	17435	2392	0.58750793702493	0.667093263295928
DPPIV_N	6	1	17435	2392	0.58750793702493	0.667093263295928
Drf_FH3	6	1	17435	2392	0.58750793702493	0.667093263295928
Dynamin_N	6	1	17435	2392	0.58750793702493	0.667093263295928
G-alpha	6	1	17435	2392	0.58750793702493	0.667093263295928
G-gamma	6	1	17435	2392	0.58750793702493	0.667093263295928
GILT	6	1	17435	2392	0.58750793702493	0.667093263295928
Kazal_1	6	1	17435	2392	0.58750793702493	0.667093263295928
Lipocalin	6	1	17435	2392	0.58750793702493	0.667093263295928
Lipocalin_2	6	1	17435	2392	0.58750793702493	0.667093263295928
MBF2	6	1	17435	2392	0.58750793702493	0.667093263295928
MCM_N	6	1	17435	2392	0.58750793702493	0.667093263295928
Methyltransf_11	6	1	17435	2392	0.58750793702493	0.667093263295928
RHD_dimer	6	1	17435	2392	0.58750793702493	0.667093263295928
Rhomboid	6	1	17435	2392	0.58750793702493	0.667093263295928
Tctex-1	6	1	17435	2392	0.58750793702493	0.667093263295928
Tim17	6	1	17435	2392	0.58750793702493	0.667093263295928
TPR_2	6	1	17435	2392	0.58750793702493	0.667093263295928
U-box	6	1	17435	2392	0.58750793702493	0.667093263295928
V-SNARE_C	6	1	17435	2392	0.58750793702493	0.667093263295928
Vps4_C	6	1	17435	2392	0.58750793702493	0.667093263295928
zf-LITAF-like	6	1	17435	2392	0.58750793702493	0.667093263295928
7tm_2	14	2	17435	2392	0.591343582160765	0.669237358076563
Abhydro_lipase	14	2	17435	2392	0.591343582160765	0.669237358076563
Carb_anhydrase	14	2	17435	2392	0.591343582160765	0.669237358076563
Alpha-amylase	23	3	17435	2392	0.629031819853398	0.710708767510569
Pro_isomerase	15	2	17435	2392	0.630056075174258	0.710708767510569
Y_phosphatase	15	2	17435	2392	0.630056075174258	0.710708767510569
Ank	31	4	17435	2392	0.631496362511107	0.710778111079641
SET	31	4	17435	2392	0.631496362511107	0.710778111079641
ARID	7	1	17435	2392	0.644119390042107	0.711014016202796
Arm	7	1	17435	2392	0.644119390042107	0.711014016202796
Band_7	7	1	17435	2392	0.644119390042107	0.711014016202796
Clat_adaptor_s	7	1	17435	2392	0.644119390042107	0.711014016202796
CS	7	1	17435	2392	0.644119390042107	0.711014016202796
DEP	7	1	17435	2392	0.644119390042107	0.711014016202796
FH2	7	1	17435	2392	0.644119390042107	0.711014016202796
Galactosyl_T	7	1	17435	2392	0.644119390042107	0.711014016202796
GATA	7	1	17435	2392	0.644119390042107	0.711014016202796
Glyco_hydro_16	7	1	17435	2392	0.644119390042107	0.711014016202796
IBR	7	1	17435	2392	0.644119390042107	0.711014016202796
Peptidase_M16_C	7	1	17435	2392	0.644119390042107	0.711014016202796
Peptidase_S9	7	1	17435	2392	0.644119390042107	0.711014016202796
polyprenyl_synt	7	1	17435	2392	0.644119390042107	0.711014016202796
Proteasome_A_N	7	1	17435	2392	0.644119390042107	0.711014016202796
RUN	7	1	17435	2392	0.644119390042107	0.711014016202796
Sema	7	1	17435	2392	0.644119390042107	0.711014016202796
wnt	7	1	17435	2392	0.644119390042107	0.711014016202796
Astacin	24	3	17435	2392	0.658514602468224	0.723804429791833
BACK	24	3	17435	2392	0.658514602468224	0.723804429791833
GST_C	24	3	17435	2392	0.658514602468224	0.723804429791833
Kinesin	24	3	17435	2392	0.658514602468224	0.723804429791833
EcKinase	48	6	17435	2392	0.660348836183071	0.72504755069728
F-box-like	56	7	17435	2392	0.663225134185501	0.727430971643885
Acyl-CoA_dh_M	16	2	17435	2392	0.665843066932057	0.729526250804411
BTB	65	8	17435	2392	0.683816474337627	0.748423338685874
5_nucleotid_C	8	1	17435	2392	0.692964146699169	0.748895215143441
adh_short_C2	8	1	17435	2392	0.692964146699169	0.748895215143441
Death	8	1	17435	2392	0.692964146699169	0.748895215143441
GST_C_3	8	1	17435	2392	0.692964146699169	0.748895215143441
MCM_OB	8	1	17435	2392	0.692964146699169	0.748895215143441
MIF4G	8	1	17435	2392	0.692964146699169	0.748895215143441
NHL	8	1	17435	2392	0.692964146699169	0.748895215143441
PAS_11	8	1	17435	2392	0.692964146699169	0.748895215143441
Pyr_redox_2	8	1	17435	2392	0.692964146699169	0.748895215143441
STAS	8	1	17435	2392	0.692964146699169	0.748895215143441
WRW	8	1	17435	2392	0.692964146699169	0.748895215143441
zf-UBP	8	1	17435	2392	0.692964146699169	0.748895215143441
Acetyltransf_1	17	2	17435	2392	0.698778303114951	0.754387885352371
UDPGT	34	4	17435	2392	0.704556756064467	0.759830560149022
Tubulin	26	3	17435	2392	0.712288436456199	0.767366121197849
Cation_ATPase	9	1	17435	2392	0.735107359018879	0.780531088721384
CN_hydrolase	9	1	17435	2392	0.735107359018879	0.780531088721384
DUF243	9	1	17435	2392	0.735107359018879	0.780531088721384
FHA	18	2	17435	2392	0.728970354437796	0.780531088721384
Glyco_hydro_31	9	1	17435	2392	0.735107359018879	0.780531088721384
HNOBA	9	1	17435	2392	0.735107359018879	0.780531088721384
MCM	9	1	17435	2392	0.735107359018879	0.780531088721384
PBP	9	1	17435	2392	0.735107359018879	0.780531088721384
PDEase_I	9	1	17435	2392	0.735107359018879	0.780531088721384
Peptidase_M28	9	1	17435	2392	0.735107359018879	0.780531088721384
Pkinase_C	9	1	17435	2392	0.735107359018879	0.780531088721384
PSI	9	1	17435	2392	0.735107359018879	0.780531088721384
SAM_2	9	1	17435	2392	0.735107359018879	0.780531088721384
zf-CCCH	9	1	17435	2392	0.735107359018879	0.780531088721384
Lig_chan	36	4	17435	2392	0.747073465717148	0.792420517648539
GTP_EFTU	19	2	17435	2392	0.756551680303029	0.800826265289962
Propep_M14	19	2	17435	2392	0.756551680303029	0.800826265289962
Metallophos	28	3	17435	2392	0.75927680981426	0.802886554788208
Alpha-amylase_C	10	1	17435	2392	0.77146815307528	0.807496107432095
E1-E2_ATPase	10	1	17435	2392	0.77146815307528	0.807496107432095
Exo_endo_phos	10	1	17435	2392	0.77146815307528	0.807496107432095
FERM_C	10	1	17435	2392	0.77146815307528	0.807496107432095
Gal-bind_lectin	10	1	17435	2392	0.77146815307528	0.807496107432095
His_Phos_2	10	1	17435	2392	0.77146815307528	0.807496107432095
NUDIX	10	1	17435	2392	0.77146815307528	0.807496107432095
Peptidase_M24	10	1	17435	2392	0.77146815307528	0.807496107432095
Sulfate_transp	10	1	17435	2392	0.77146815307528	0.807496107432095
Zip	10	1	17435	2392	0.77146815307528	0.807496107432095
Alk_phosphatase	11	1	17435	2392	0.802839641043368	0.83778104242481
DHHC	11	1	17435	2392	0.802839641043368	0.83778104242481
ZZ	11	1	17435	2392	0.802839641043368	0.83778104242481
zf-RING_2	31	3	17435	2392	0.8178863645994	0.852619658141539
KH_1	22	2	17435	2392	0.825146763071088	0.859319507804335
LRR_9	12	1	17435	2392	0.82990619169903	0.861664938209164
PP2C	12	1	17435	2392	0.82990619169903	0.861664938209164
UBA	12	1	17435	2392	0.82990619169903	0.861664938209164
DnaJ	33	3	17435	2392	0.84982950424184	0.881462996854464
Ion_trans_2	13	1	17435	2392	0.853258334811922	0.883242312440855
RGS	13	1	17435	2392	0.853258334811922	0.883242312440855
ubiquitin	24	2	17435	2392	0.860670719823835	0.890021576868981
RabGAP-TBC	25	2	17435	2392	0.875836479794662	0.903891301970266
Thioredoxin	25	2	17435	2392	0.875836479794662	0.903891301970266
HECT	15	1	17435	2392	0.890787734070477	0.918402153826662
NACHT	16	1	17435	2392	0.905784045213039	0.931999351910821
TUDOR	16	1	17435	2392	0.905784045213039	0.931999351910821
HTH_psq	28	2	17435	2392	0.912648891346749	0.938126627097206
7tm_1	86	8	17435	2392	0.917907959252337	0.942592735048963
SH2	29	2	17435	2392	0.922449923066101	0.946314299185224
Ank_4	30	2	17435	2392	0.93120715882355	0.953400775319841
Peptidase_M1	30	2	17435	2392	0.93120715882355	0.953400775319841
cNMP_binding	19	1	17435	2392	0.939513319937046	0.955141757217737
ERAP1_C	31	2	17435	2392	0.939022386011422	0.955141757217737
Forkhead	19	1	17435	2392	0.939513319937046	0.955141757217737
Gypsy	19	1	17435	2392	0.939513319937046	0.955141757217737
Hormone_recep	19	1	17435	2392	0.939513319937046	0.955141757217737
OS-D	42	3	17435	2392	0.940318994739091	0.955141757217737
p450	152	15	17435	2392	0.939168633136781	0.955141757217737
zf-B_box	19	1	17435	2392	0.939513319937046	0.955141757217737
WW	20	1	17435	2392	0.947820861204306	0.961814279430747
Guanylate_cyc	21	1	17435	2392	0.954987814979746	0.967183140711315
zf-C4	21	1	17435	2392	0.954987814979746	0.967183140711315
SAM_1	22	1	17435	2392	0.961170722213492	0.97248971011002
DUF1676	25	1	17435	2392	0.975075690533635	0.982700915875051
GST_N_3	25	1	17435	2392	0.975075690533635	0.982700915875051
Ras	60	4	17435	2392	0.972645451439755	0.982700915875051
zf-C3HC4_3	25	1	17435	2392	0.975075690533635	0.982700915875051
Pkinase	169	14	17435	2392	0.989363537336718	0.995154933652836
WD40	140	11	17435	2392	0.988881177883368	0.995154933652836
Histone	259	1	17435	2392	1	1
HLH	53	2	17435	2392	0.996253399995991	1
Homeobox	93	4	17435	2392	0.999308587195958	1
RRM_1	129	5	17435	2392	0.999955233666975	1
zf-C2H2	485	12	17435	2392	1	1
zf-C2H2_4	57	1	17435	2392	0.999780882831112	1
